# Fix print output for fix 5
1106.91623811461   -3.7510171505275
1098.34029302025   -3.75212323971577
1094.77448211376   -3.75240208487118
1100.46592171792   -3.75346728122979
1105.6465737765   -3.75084078962083
1106.70489676505   -3.75074637440651
1089.00011373977   -3.75109114669265
1109.80738426031   -3.75324194246698
1091.80725934625   -3.75116553817719
1096.70761866493   -3.75413431266453
1089.25634674578   -3.74989184613358
1097.34053950649   -3.75281882881112
1104.97694950656   -3.7524869197608
1088.80809171615   -3.75204023161412
1090.22631280621   -3.75039664984981
1094.17043038136   -3.75108426846335
1084.94489536258   -3.75143380089694
1101.83630306097   -3.75070912877217
1091.94713677294   -3.75296612002239
1102.16207084435   -3.7523518299735
1086.35442459385   -3.75056850078821
1089.28372285764   -3.75231421526726
1102.06216176275   -3.75128972601565
1091.40438159434   -3.75267028877052
1115.98889938456   -3.7530399260722
1095.15364463395   -3.75054880942154
1095.10775801789   -3.75154751732443
1096.92456162428   -3.75249248533032
1096.706810079   -3.75304547072494
1109.69586186325   -3.75430354658729
1081.27715317803   -3.75356781261154
1095.43852373392   -3.75264008000031
1080.89018344416   -3.75312807496851
1099.37238035951   -3.75304602538388
1082.20721311765   -3.75216274339205
1089.6774868701   -3.75307293410953
1079.23730880799   -3.75494811713419
1093.7189310243   -3.75359287920274
1074.0851142726   -3.75332070939115
1082.02017882702   -3.74952346361279
1109.87914212431   -3.75360369687753
1082.60377747866   -3.75402975492701
1092.46678405085   -3.75447066924548
1078.16461534811   -3.75352254023252
1101.53887363878   -3.75214884432728
1085.31513126639   -3.75439926278868
1078.80283329629   -3.75218737799565
1102.14043037013   -3.75536056280177
1105.68120369127   -3.75364999372551
1099.04984308636   -3.75423905945049
1091.55332273224   -3.754005935219
1090.79569186618   -3.75572252893151
1082.52529734194   -3.75298836906715
1089.0686067805   -3.74863785662707
1072.29641612653   -3.7545251585862
1101.5696877494   -3.75218921361259
1082.11819769446   -3.7523320061689
1089.84889541561   -3.75117038798816
1077.94203680881   -3.75323779739562
1078.94488668056   -3.75300606316297
1067.95078955356   -3.7517269771032
1101.21567805571   -3.75523027340271
1089.03922859583   -3.75276378574201
1080.29246783427   -3.75315411841532
1090.49401014225   -3.75508689172752
1076.33603654255   -3.75531850870712
1072.06564547675   -3.75563102387324
1093.43099827231   -3.75459435012353
1074.47289924168   -3.75426850795885
1069.77917863781   -3.75472480503683
1097.745760096   -3.7548244693497
1073.54280231429   -3.75433018265263
1082.85488580099   -3.75129589950641
1087.158356801   -3.75374470382776
1073.40591738484   -3.75646928224309
1092.81508795198   -3.75334763856009
1085.76827355884   -3.75524240173095
1081.96169377858   -3.75441476110469
1087.76504230794   -3.75349484069032
1075.27633395774   -3.75418046413194
1103.25312226173   -3.7535387617189
1078.0289761555   -3.75253877500145
1071.47264045116   -3.75512832683923
1070.84973235991   -3.75556235140465
1075.40360084062   -3.75361027563034
1084.66886707408   -3.75615626914763
1075.22005905233   -3.75316864761658
1072.15015899159   -3.75537113311114
1061.21638922108   -3.75648145542089
1073.04194804954   -3.75543760371219
1085.01497484556   -3.7560836803653
1060.87547200235   -3.75414940649224
1075.16772615269   -3.7555641534179
1078.10942366434   -3.7544523133934
1062.52635025551   -3.75520647503158
1086.66012006633   -3.75665137433841
1070.1588215136   -3.7534940503808
1069.14136447156   -3.75703522737839
1088.54994827382   -3.75481387987423
1064.53791127894   -3.75573481223121
1071.49193002249   -3.75623630532802
1058.4350726462   -3.7540717893374
1066.77460549902   -3.75551828499017
1082.99399987286   -3.75438972712146
1066.97622036571   -3.75391673578114
1079.89471111292   -3.75645063423281
1060.82950042927   -3.7552233170418
1066.20367486182   -3.75448069193991
1067.77280149294   -3.75550112156611
1070.69161694712   -3.75566201421163
1083.57084592022   -3.75574453913943
1064.32359950977   -3.75482209763583
1075.18186907089   -3.75583432345364
1066.80576536752   -3.75826075191461
1072.94161025196   -3.757510892829
1077.62832645486   -3.7548323230118
1074.31835173412   -3.75651698165579
1068.58881862153   -3.75806106075862
1071.53116127218   -3.75543065108051
1074.10556083292   -3.75748979536394
1052.94691959831   -3.75581766896305
1061.01376173957   -3.75595184585637
1061.85443284436   -3.75715465232504
1074.18204817973   -3.75672895365238
1069.55098848294   -3.75659869855816
1067.45741320022   -3.75458693741134
1067.46127090726   -3.75749263184258
1066.28723944476   -3.75531086505725
1067.84134188812   -3.75705747962724
1067.25401461486   -3.75720786472913
1067.88898771736   -3.7549798182754
1068.04468564165   -3.75660640567887
1051.59055322685   -3.7572399208278
1056.70449688915   -3.75545797104171
1070.21424157408   -3.75622410547492
1075.6720285997   -3.7594369887878
1083.11358078758   -3.75937134821499
1056.42325901043   -3.75746399782017
1076.65291461294   -3.75462616002819
1066.48971587007   -3.75766574002307
1065.39452469335   -3.75730971257546
1064.03694601056   -3.75858481778391
1063.91939504371   -3.75736516817648
1068.88986733978   -3.75748634749614
1053.41062122025   -3.75641346412394
1067.27814845242   -3.75787992323124
1070.13815258619   -3.75656826579776
1051.825741758   -3.75712669711183
1057.16325988184   -3.75782682401509
1069.94972301507   -3.75813474430726
1083.46536512712   -3.75731821722807
1051.6534880329   -3.75775452586611
1071.1468484326   -3.7570779205541
1073.80078036856   -3.75754631157223
1064.84075329375   -3.75894115721458
1070.61509457677   -3.75597438845409
1055.45493980484   -3.75803062303987
1061.01525994662   -3.75977800523677
1062.06086329059   -3.75952984213618
1054.26444914067   -3.75961750194835
1070.90444843134   -3.758408940205
1048.96579728579   -3.75997303198978
1048.40579838865   -3.75745184326058
1061.00204205894   -3.7594671636327
1059.30943862771   -3.75822785129902
1071.82178688938   -3.75855407439529
1063.80133223937   -3.75948050653131
1060.60332276545   -3.75823172275726
1050.65734043278   -3.75843167100781
1053.87198754283   -3.75816460301501
1060.51569865779   -3.76011425704108
1058.05212934988   -3.75615475148481
1046.46241966459   -3.75845279387132
1074.26875965093   -3.75556204722363
1052.9229644906   -3.75859380610123
1062.83352913586   -3.75743354377305
1058.83991913039   -3.76081655732022
1057.8382001245   -3.75824995886311
1060.37984627605   -3.76075408564713
1051.68066177496   -3.76043171130754
1063.31763601962   -3.7580097531658
1055.27237871037   -3.76041318591756
1051.20489585384   -3.75788071377563
1045.18255913196   -3.76018896842344
1047.95654212742   -3.75688597088589
1052.88275546912   -3.75820558407267
1055.54410154647   -3.75859794416149
1049.8028213072   -3.75847494186749
1042.74873292017   -3.75912944741953
1069.14966161585   -3.76062815833456
1060.65556245274   -3.75842835043818
1050.32144468234   -3.76121089766021
1068.82510077283   -3.75893866905704
1045.44796172317   -3.75840660901634
1053.4251877698   -3.75919208521807
1053.80422497605   -3.76041060688378
1052.40252146759   -3.76134066257611
1053.77295200353   -3.75873287605186
1053.55777700796   -3.75909057980788
1049.96893946034   -3.75959071308116
1055.84496899504   -3.76048572827654
1055.84496899504   -3.76048572827654
1050.22359207658   -3.75938711755141
1053.12380376009   -3.75967561981803
1045.88720322073   -3.75985681408662
1041.30947840567   -3.75938427433559
1050.65056859323   -3.75975848838342
1046.98868741688   -3.75671083809828
1047.06166992436   -3.75832189630924
1033.23616478489   -3.75944503204577
1062.37513118166   -3.76233088352153
1026.9077398598   -3.75765122976907
1057.79412180743   -3.76081630435238
1058.14958172242   -3.76094185318649
1046.09562198   -3.75942062881653
1058.18372335174   -3.7582080730189
1051.60768565535   -3.76121317205681
1037.94147354163   -3.75941025309041
1054.95818603482   -3.75898827893303
1053.89878409405   -3.75803534912071
1060.41523104238   -3.76068452120534
1034.28164939301   -3.75959419849313
1046.78922816029   -3.75806964309332
1064.2126759556   -3.75871342772016
1053.96201649021   -3.76074510194196
1053.97730117566   -3.75978313482485
1040.35664579157   -3.76004692515709
1056.06088655886   -3.75818039227476
1042.35166274235   -3.75910774732059
1061.77088080226   -3.75868463089241
1045.55540447816   -3.75981875338698
1050.02106538181   -3.75649967647187
1045.06072089222   -3.75837543001073
1049.17608370788   -3.75992130354768
1052.37736005522   -3.75766679565198
1050.3567088438   -3.75915754073916
1053.07493821061   -3.75874100141421
1047.05380704193   -3.75930337921865
1038.44721977495   -3.75964219289503
1041.73407646979   -3.75783060716484
1045.77553543211   -3.75813858557965
1037.76646635759   -3.76065921248281
1052.33028255173   -3.7591738880643
1042.97431812972   -3.75970307264936
1052.38068358523   -3.76081173941075
1055.56094987424   -3.75905403269878
1035.57774835681   -3.75763077438309
1044.50234272202   -3.75825891890914
1042.07824095578   -3.75935215134033
1047.2070413227   -3.75948142233008
1046.77793287038   -3.7609715387819
1050.69147399591   -3.75888745821999
1046.61265924228   -3.7596204106477
1043.73103774712   -3.75966412450727
1055.03105478062   -3.75925050445599
1047.64912103873   -3.76214694173725
1040.57396324513   -3.75969358302657
1029.973250682   -3.76082780529832
1042.5231046666   -3.75985838594416
1057.9510836888   -3.76140226928202
1057.15649780805   -3.75948887714737
1053.97454832454   -3.75946618265184
1039.59534267761   -3.7594154121186
1060.6706869027   -3.75955233448362
1063.79269396445   -3.75692163144009
1046.59781738047   -3.75918015669342
1062.78055173013   -3.75858543405268
1029.38845490273   -3.76052886052274
1050.91967887996   -3.75938386748642
1058.04759768308   -3.76240649082015
1052.45191178677   -3.75843764628147
1056.43468894473   -3.75894237378661
1058.76003313134   -3.75857318130435
1048.1611258181   -3.75767303054628
1053.73443196851   -3.75956481370918
1050.11222220487   -3.75994663307392
1051.04796780184   -3.75922142446318
1043.39246405962   -3.76072012818534
1056.58704907914   -3.76057027650783
1048.11757517234   -3.75953991207501
1044.96265478307   -3.76152790449523
1050.68852088529   -3.75965985314362
1047.84835001966   -3.7591922795939
1044.9232399215   -3.76021693935422
1045.86952297096   -3.75765591640396
1048.76928176768   -3.75967642502437
1063.54841636034   -3.75957675243101
1056.43681600232   -3.759888361065
1048.01171574162   -3.75904794642678
1048.20244071976   -3.75859917755775
1044.68016651613   -3.761980307881
1045.25709278493   -3.75807652057268
1062.2431226711   -3.76058212776318
1060.29163109978   -3.76168582183576
1036.31039544498   -3.7589137045508
1054.80153397509   -3.76094465566739
1041.70418861506   -3.76118490638245
1052.10389304532   -3.75737186080562
1045.04931337182   -3.75973680472355
1056.47316044505   -3.75933178235208
1039.95164184559   -3.76031687062079
1046.18907034198   -3.7612670874194
1046.18907034198   -3.76126708741939
1044.21128517713   -3.75957768660619
1049.91351099882   -3.75890166588826
1047.90817359794   -3.76035618630394
1053.35573349556   -3.75930032360531
1046.38739810407   -3.76028199257711
1055.82603276166   -3.75718216627018
1046.56825288023   -3.75948831645412
1045.73911797852   -3.75947467948573
1043.40827385348   -3.76125960884392
1054.15836400535   -3.76308366998618
1047.50643875882   -3.75939527943879
1045.34610791196   -3.76137513329298
1044.29844012657   -3.75990267637194
1049.82135321702   -3.75870003101912
1071.50672371946   -3.76002061493269
1041.42133266986   -3.75851501562558
1050.55661232363   -3.75996305587622
1060.55331702219   -3.75905943206805
1040.26444417709   -3.75984059608466
1048.38161699202   -3.7593875612554
1045.98821227831   -3.76096452089748
1057.7258487704   -3.75940958398422
1049.54768622718   -3.75890815597025
1044.28897427092   -3.75908989441898
1052.0948043363   -3.75945450494009
1054.38197808924   -3.75823458859715
1047.48536702227   -3.75996404338235
1059.45224702353   -3.75955564719517
1048.24002088438   -3.75815126000251
1046.22228343382   -3.75954300941915
1053.0152464251   -3.75966795290765
1048.049339564   -3.7593144994859
1055.25337892409   -3.75834069365637
1047.25064709463   -3.75864697957691
1034.68679521252   -3.75954281807384
1041.5940355851   -3.76127523230365
1051.56984897942   -3.76081105100305
1048.51663759039   -3.75860332871274
1044.67230465461   -3.76116236061283
1066.86445954316   -3.75930038870082
1054.34047756306   -3.76184736478307
1036.6622957084   -3.76079174625144
1049.88093703943   -3.75772886079153
1056.04783776507   -3.75881577505769
1049.23959610303   -3.76102344287136
1055.16705341613   -3.75846113851596
1049.69025195107   -3.76220195156911
1052.10028468277   -3.75925156794164
1053.18448939987   -3.76007981516038
1058.68638134965   -3.76019680337632
1040.97143772121   -3.75952173236713
1040.1797454736   -3.76083982314108
1051.97520055185   -3.75933128170124
1064.45603806916   -3.76097207210896
1048.95465822507   -3.75997804419776
1044.36093210003   -3.7602107836457
1060.8089339767   -3.75957415688235
1038.95324471395   -3.7590739612496
1054.55269083804   -3.76085274559539
1045.58270675126   -3.75933625385302
1039.08768545661   -3.75943690854518
1052.35224808332   -3.75705234208588
1062.07118418959   -3.76040282242184
1061.96668567188   -3.76034921043435
1045.03654932176   -3.7591640637901
1034.85602661716   -3.75837458688458
1057.3951605211   -3.75902774843396
1037.54687191729   -3.76126624399499
1060.14850443817   -3.76013917971418
1057.39298430451   -3.76232063951294
1054.12531301526   -3.75728664948243
1054.2967299068   -3.75819976036229
1055.47589540895   -3.75882585945192
1045.97862004288   -3.75875024213595
1046.31340432892   -3.75994082384371
1059.15157214584   -3.75853793118773
1054.42585451408   -3.75974131033917
1053.86482729517   -3.75911634325001
1052.00373112516   -3.75897503759307
1062.45298723142   -3.75871841990432
1040.50218590794   -3.76062995083091
1037.72350040561   -3.75943964121526
1046.00828446878   -3.75939842502769
1049.2914924392   -3.75928962351082
1060.42514678158   -3.75978063364752
1042.16403548719   -3.75645423641625
1043.76126139259   -3.75990680491446
1048.5961075113   -3.75976261675126
1062.75588838124   -3.7590338427774
1044.24836644349   -3.75950211479349
1046.39876741167   -3.75914180669333
1061.05752316925   -3.75957220757086
1044.03475379764   -3.76133621478273
1040.43200359343   -3.75978632388236
1036.31022057643   -3.75906182487573
1053.7063862641   -3.76009193217202
1045.51125073419   -3.76221974754604
1064.22072156042   -3.75910759170682
1047.66021776025   -3.7607927138964
1049.56681174846   -3.75883523972414
1049.56681174846   -3.75883523972412
1053.91329031912   -3.75815591648656
1052.90423817164   -3.75928680398277
1037.23961265039   -3.75918411077066
1054.79361362375   -3.76168181784472
1051.77118448582   -3.7612252486438
1052.16828383699   -3.75863564577593
1042.76245197661   -3.76005780791898
1046.77632109512   -3.76040544119158
1050.10541190883   -3.75824828318634
1037.55251513198   -3.7606267259526
1048.58485079033   -3.76025471996387
1053.86641877528   -3.76053597262133
1042.85544252918   -3.76174944202947
1047.26085081383   -3.75969791997489
1049.29997373818   -3.76170945050072
1042.45464510067   -3.75780212323558
1035.93944856617   -3.76003617956441
1048.96997771298   -3.76120532121332
1044.59535906482   -3.76155269069665
1049.0831013711   -3.76040286650235
1055.60866138502   -3.75814933300187
1039.07930601244   -3.76058071323156
1047.84623384026   -3.76027396325544
1048.21328423979   -3.76186775946201
1032.66240639452   -3.76274733342164
1046.4206403404   -3.76057169045325
1042.82555095331   -3.76186031466252
1039.7384577807   -3.76201677485977
1039.74844383153   -3.7609572672476
1051.36042681594   -3.75986245163218
1046.05713366482   -3.75805789059939
1036.68375665992   -3.76105082432398
1045.34055850534   -3.76247675775119
1046.9950031677   -3.76000737758098
1043.645879201   -3.76211362104615
1046.57750935593   -3.76164607512338
1049.00208612835   -3.75797875958949
1046.8288718914   -3.76162604009815
1041.8535722159   -3.759601832647
1029.88215206809   -3.76212197175259
1033.33669248278   -3.76177686133872
1048.27521042765   -3.76187392195322
1037.63841677119   -3.76162050663615
1045.24651517519   -3.76173682724456
1038.36798575213   -3.7621381687057
1050.87941726507   -3.7626610920611
1033.45051770001   -3.76186606793975
1042.00191225902   -3.76186471224899
1040.37666121253   -3.75963398764444
1033.39442171133   -3.76151588670875
1043.55310809244   -3.76276955683153
1023.98568864193   -3.76132255794095
1034.05326843044   -3.76451624641031
1045.11014254747   -3.76430317880512
1034.60055758624   -3.76314722325794
1032.90487063586   -3.75952403525485
1039.10830428593   -3.76216098799153
1031.69651814822   -3.76186599153243
1031.07994701938   -3.76165577905414
1058.6562577127   -3.76195799647117
1040.07136623634   -3.76267997402136
1034.92082726974   -3.76062122579573
1039.88183013133   -3.76287969495217
1038.62911514806   -3.76241302847784
1014.99093952876   -3.76171867705295
1032.24026313482   -3.76269963562748
1030.12299159519   -3.75936208087702
1036.46683611633   -3.76451842670964
1035.55802549997   -3.76146327783526
1024.17127497117   -3.76407874370897
1037.45319034796   -3.76141980130858
1031.16037510939   -3.76229765680103
1039.1935957874   -3.76225499262509
1045.68592089059   -3.76118201896185
1038.92005853993   -3.76253062225643
1038.17813599227   -3.76363519701778
1033.3586014031   -3.76270615665607
1033.10450060207   -3.76255229135312
1028.12269156626   -3.76242495332299
1014.96210285975   -3.76141376840219
1019.28989923105   -3.76345751740654
1024.06935483129   -3.76136730100115
1026.52443975885   -3.76376448330327
1039.78237306277   -3.7629069324443
1037.12024666657   -3.76075625242428
1021.76947513993   -3.76319540254048
1038.32209726875   -3.76158382874776
1042.40799135849   -3.76139752183668
1012.79682245383   -3.76326523216081
1036.7756249124   -3.76070642346847
1019.57752468868   -3.76222027769868
1016.94533293712   -3.76245499139938
1015.31946126911   -3.76353042279033
1027.53778743356   -3.76252432933869
1029.62446620882   -3.76433233107961
1033.92122486998   -3.76428309944356
1016.61700058838   -3.76303853381146
1025.91496489569   -3.76320038090783
1018.68341598335   -3.7649431885281
1016.8297819116   -3.76187991558219
1024.36728137854   -3.76646535679321
1032.84024205285   -3.76382735594245
1027.90617032006   -3.76424694297629
1015.4199760594   -3.76425510846772
1021.75506251295   -3.76284534883043
1019.78416420096   -3.76391185283047
1023.376540394   -3.76422397130673
1032.74704183818   -3.76370606769855
1015.01703579954   -3.76565019443866
1033.10312713146   -3.76345571001323
1023.5964745024   -3.76304550199337
1008.18646143724   -3.76464592728098
1021.24189020221   -3.76570336288867
1009.54092060822   -3.76232921948149
1031.80472017348   -3.7629460153375
1014.51582962763   -3.7646414154758
1021.00320390313   -3.76407379397504
1030.05098415079   -3.76310903395473
1027.14436201529   -3.76542738267957
997.859703262807   -3.76395164880266
1023.49820855252   -3.76350528170829
1013.75948259635   -3.76465835357481
1021.55742467834   -3.76538293006024
1016.96508542704   -3.76514827898685
1012.25013934683   -3.76625343404097
1030.53812323738   -3.76410052541498
1011.60368377745   -3.76364976005362
1018.20800754434   -3.76754876613469
1013.44310440597   -3.76486301629694
1017.5956001967   -3.76528898614992
1022.26935315432   -3.76404288157271
1015.3058335729   -3.76526798328535
1021.55684221703   -3.76492523371914
1013.89874488993   -3.76671121273002
1026.47492536417   -3.76265249160927
1013.27972930988   -3.76569802638259
1016.06795775171   -3.76456736107189
1012.64570729981   -3.76395691968132
1017.9401457566   -3.76540396689572
1009.689587316   -3.76593207246087
1013.79699890395   -3.76367072196462
1014.79570645672   -3.76444792568242
1011.69421002915   -3.76722826552426
1006.78106906611   -3.76467121182953
1017.95377100423   -3.76733949988789
1024.15519536588   -3.76672964416407
1012.92432377054   -3.76641317969808
1009.52641341336   -3.76633834955391
1020.17753802219   -3.76630540276832
1006.34427257636   -3.76610709528451
1010.79734339608   -3.76470179076705
1018.8710005376   -3.7663695093479
1004.73701342145   -3.76442953650985
1017.22027943404   -3.76695028004245
998.364708429158   -3.76551890581306
1004.53157658171   -3.76682216421657
1012.18764859956   -3.76664515217995
1003.91469433614   -3.765641619225
1009.75725472599   -3.7632452922411
1003.557495864   -3.76434266941041
1006.73498519045   -3.76603332194706
1016.58473505764   -3.76634688150812
1015.46408721609   -3.76752749287105
1012.89353422868   -3.76582893758045
1008.75830814436   -3.76644396879565
1012.04263774116   -3.76478892643506
1020.66417497379   -3.76881577058689
1008.29470054131   -3.76693088391504
1001.58220608391   -3.7656546610466
1010.92855897035   -3.76689040573323
1008.60834797751   -3.76546555428397
1011.18749034155   -3.76694168644543
1005.19555469601   -3.76805217855419
999.764510576644   -3.76596406433329
1008.17690998185   -3.76715062969465
1008.79202901178   -3.76824992449904
1004.02989333718   -3.76722891415265
997.878520347613   -3.76646579817895
986.452705402282   -3.76373622176105
1005.7824923094   -3.76554701673289
995.844429825766   -3.7667679361328
1004.68816882199   -3.76578075785036
1014.67022524333   -3.76631936427801
1005.46523751354   -3.7682496167918
1017.23036483297   -3.76789741941615
999.652574961812   -3.76656740334826
1009.2443448865   -3.7673820348312
1004.93732268818   -3.76790245196024
992.685158218932   -3.76634727620507
1008.09661464022   -3.76734750564104
1004.4888392938   -3.76791418370391
1005.89117688604   -3.76932161155164
1005.87548205531   -3.76637784012284
1005.62255285076   -3.76746141894393
994.736242839862   -3.76731883225857
1018.62442385458   -3.76792721933784
990.155421593349   -3.76798021919158
992.576848393787   -3.76718244434838
1007.68085109718   -3.76846473243633
1008.33947629052   -3.76812909324983
1008.33947629052   -3.76812909324975
1015.44668036008   -3.76818718592455
997.3393416909   -3.76640530581608
997.435493442562   -3.76845146635033
996.99547478093   -3.76373792661883
998.092633406978   -3.76700833794603
1003.12103986883   -3.76812019742234
1009.01812444573   -3.76673702437386
991.469632255472   -3.76866553274024
1005.46912838435   -3.76937085865708
1005.57541518046   -3.76644376987966
992.59621367499   -3.76838560376119
995.331758092129   -3.76995509330901
996.420294814481   -3.76547519212727
996.497068077317   -3.76621526583161
994.940754718582   -3.76861123711759
1008.99364098924   -3.76686296712261
992.245929532501   -3.76807019942939
1006.2929310095   -3.76723683124005
999.242003410562   -3.76832800937111
1005.55859339463   -3.76798079763969
1003.8736956807   -3.77097569062985
998.130821097565   -3.76689735528742
1000.27080163124   -3.76752446391052
991.115917745302   -3.76791029158467
1002.67686195795   -3.76775045895304
1006.74012928735   -3.76715408820988
997.237312629406   -3.76576711955026
996.582458694314   -3.76797901882779
1003.79656888327   -3.7666155483246
1000.40279261116   -3.76696201034707
1011.63020469853   -3.76846930228413
992.447795281806   -3.76726437310643
994.929396724855   -3.76639256989808
991.064457593492   -3.76759487249852
995.570548829546   -3.76994895766378
1004.66072580951   -3.7674778592476
996.700623950605   -3.76704968774744
1005.73280784106   -3.76697512244629
993.225747553215   -3.76983900832982
1009.91027428397   -3.76777547717696
985.120013754713   -3.76981109269687
1008.50982792283   -3.76817512955052
1000.95782365631   -3.76772639561974
1006.65184613622   -3.76833220452338
1006.76733964571   -3.76637114932951
991.696412047236   -3.76762834354084
997.098765867994   -3.76879467898723
1014.05992236584   -3.76824961083163
1013.88827529795   -3.76917927864148
995.585721485217   -3.76767114971544
1000.2740133939   -3.76734059138537
997.955200281359   -3.76651431217564
998.326138725821   -3.76696898602414
1001.00644261362   -3.76937491671232
1001.13419143513   -3.76668466328235
1000.30682567878   -3.76637822660269
992.845654533709   -3.76804866395952
1000.71415596944   -3.76701000304385
1004.28695512971   -3.76813835109745
993.235740314844   -3.76915595171473
987.726458798712   -3.76777362833247
1004.52942117177   -3.76879505878052
997.100282206409   -3.76860002494051
1001.45789635371   -3.76967150794973
1014.30962577273   -3.76949153046369
1003.19612591256   -3.76603371290017
986.866962401449   -3.7680231681913
997.318629830756   -3.7666817905063
1004.41962112813   -3.76694947646503
993.996875739492   -3.76754663499013
1008.96094613427   -3.76747355854762
1004.12532995958   -3.76685944296185
999.034451335659   -3.76933802809541
1008.7489460026   -3.76778297625846
987.639105983564   -3.76775855132299
998.536131955351   -3.76674619539628
984.882382264354   -3.76683693427899
1004.71403331132   -3.76856557574219
1008.76929323087   -3.7674558585323
996.295422977044   -3.76931309436863
990.4949529788   -3.76801298805006
997.745729211107   -3.76647598040081
1000.45724247948   -3.76816742722071
994.564639732982   -3.76827678308116
1014.79843680944   -3.76752709664278
1004.35517518122   -3.76919237674661
1013.69042643245   -3.76720475602641
991.038888984428   -3.76886685439694
995.18894570881   -3.76627990223343
983.408468633597   -3.76840041533538
1008.25102138726   -3.76587375688597
993.349253090897   -3.76768887757857
1001.29672937835   -3.76505182717367
1010.87496277784   -3.76809050408044
1003.7498583589   -3.769257265712
1001.02962090642   -3.76957696665753
1000.92807266384   -3.76847549170614
990.771571566741   -3.76753908508453
1018.25752738325   -3.76692425929405
1007.09895396643   -3.76867622641332
1007.09895396643   -3.76867622641329
1007.34547246013   -3.76722988164805
998.676656082399   -3.76852683490075
1005.47270720058   -3.76691374830238
1007.94785953653   -3.76639354396147
996.528275636291   -3.76780927062724
984.008760776117   -3.76666478075758
1013.43986965804   -3.76782017811925
996.359466225653   -3.76669295763905
1011.80166985928   -3.7674352075641
988.351768303949   -3.76709594394866
999.630962509363   -3.76685277982629
1013.47147413474   -3.76774478717308
1006.02634574875   -3.76807157436266
998.120753119022   -3.768430080249
994.153391513347   -3.76759410997768
1006.64599546688   -3.76727498700145
1000.82587240456   -3.76610765054978
1011.34460636997   -3.76727603806065
994.248355709611   -3.7690368186417
1009.22158012737   -3.76604500988487
990.003330072738   -3.7673445263696
1011.98952313299   -3.76816454443453
1014.49505932006   -3.76775760184272
1001.20475503726   -3.76975882516719
995.197740611608   -3.76820347009142
1003.09892181649   -3.76618858473481
1007.17613800609   -3.76856105557574
1009.47451406861   -3.76700862712209
1002.25384287624   -3.76960731659211
1009.9093461145   -3.76804509114709
998.471950945079   -3.76695714854453
987.186707092349   -3.76881646972338
993.367045573018   -3.76710520752877
1006.34817589457   -3.76782113828461
986.264745563928   -3.76798388691006
998.128735461937   -3.76733373119981
999.281558496544   -3.76683304102649
1000.5315906773   -3.76787859223399
1007.24170795022   -3.76614158099549
1001.60473394962   -3.76647785054876
983.942273266194   -3.76835906171213
992.642052054909   -3.76675793502154
991.285906084635   -3.76801392661816
999.843081775852   -3.76705003110326
1009.17737722468   -3.76609535632971
993.849644962769   -3.76787157024356
995.719575302772   -3.76680273521174
1001.04368131364   -3.76776669134908
1010.97365623643   -3.7668017271224
1009.75459224197   -3.76801207747532
989.907370208648   -3.76681156993709
1005.22053948714   -3.76617356797862
999.205481209828   -3.76908355206095
1007.9895184501   -3.76837326251413
998.103703578055   -3.76894446443471
999.283803256541   -3.76747967680826
999.42886311917   -3.76680532465674
1005.87447369505   -3.76849347746853
1012.54458496675   -3.7685085713631
995.903037118613   -3.76949277396888
1003.77928066394   -3.76694985297787
1000.56211788085   -3.76820419595283
1005.98569193845   -3.76797664850652
1000.00003549117   -3.76938091039919
999.195731699156   -3.76746127948079
999.062837530931   -3.76857291661664
1006.92811047026   -3.76791071426356
1001.80498223119   -3.76844327088612
994.216379333726   -3.76869453272274
1002.23890752215   -3.76663942046788
984.975069332716   -3.76747084750419
993.199225358726   -3.7677093944631
1007.71344429213   -3.76810003952248
997.522102545822   -3.76817295324384
1001.0199295427   -3.76734901711738
1006.85636521141   -3.76694900566879
984.518021939987   -3.76675544367314
1012.51069697272   -3.76676483152775
981.989603788104   -3.7671907473547
998.225739251621   -3.76760773969359
1005.68205339578   -3.76705107924733
1005.17382585769   -3.7677068326875
985.655812179498   -3.76976772558959
998.29185989701   -3.76710711539708
997.83714216618   -3.76919469135193
991.377449891796   -3.76674362649045
995.35418326222   -3.7678677381296
999.149154493818   -3.76840775277011
1005.97488520486   -3.76802901163425
1010.70845792578   -3.7675872092695
989.070149589675   -3.76626664432478
1000.90735139243   -3.76797858944139
1001.01133337959   -3.76645312999783
1016.90979119925   -3.76882345490442
1008.8522449764   -3.76751269832919
984.725973851895   -3.76786271255714
1001.22985003666   -3.76732786506851
1013.41573430603   -3.76775342635306
1001.60852205561   -3.76872164037398
997.481705308854   -3.76624885891979
997.481705308854   -3.76624885891973
988.251708622364   -3.76728331801979
1010.96608578041   -3.7692307416482
997.872809264619   -3.76677660378412
984.08400920686   -3.76820893691519
1003.40746462318   -3.76633517836271
1002.51834235362   -3.76750330910024
996.03685168437   -3.76819940136761
995.61624041502   -3.76931567518081
988.818671803056   -3.76664452154117
1005.05386853929   -3.76622803952824
988.903559586004   -3.77039088935152
998.813807335411   -3.76733195447933
990.520112382463   -3.76621410405685
996.129410345563   -3.76787184706531
994.601982400559   -3.76889060896426
996.019652253166   -3.76864603710985
1006.7318136429   -3.76945130671919
985.646768191558   -3.76838635545739
1001.48575455223   -3.76904290198218
996.687463238756   -3.7673621260908
981.182316846364   -3.76784707340279
1012.47301138729   -3.76901239594491
1000.91162284078   -3.76858469750269
993.550030912922   -3.76741008388163
990.453532614111   -3.76863169902361
1000.94035444024   -3.76913303447802
988.951536061471   -3.7685600860225
989.896230297231   -3.76736594403227
988.892225992323   -3.7703849577747
987.778365848799   -3.76784702484431
991.94798436987   -3.76795839794399
989.090339306357   -3.77154459732852
990.289617197775   -3.76894713311352
1000.05333407962   -3.77010218818495
986.378580955558   -3.77009616504594
998.392906925781   -3.76913379598513
991.490796179679   -3.76793660158345
986.797867328994   -3.76885836899214
998.056379195276   -3.77047360966145
993.052234831717   -3.77022553587735
986.312693033967   -3.76935285495527
975.556287878233   -3.77030849769362
991.068028514146   -3.76925880935931
989.852293568311   -3.76865851772473
986.678244319529   -3.77055151507084
972.416145842846   -3.76866441439853
1002.35678307244   -3.76820829526735
1002.91574529937   -3.769588228585
982.448607829953   -3.77021429192763
997.399510963855   -3.7680112330255
991.500568495115   -3.76933070802362
985.01601528756   -3.76951096299275
978.556283391808   -3.77064504951653
986.185214622132   -3.76773095986183
989.016334195252   -3.76979428790905
1000.13296412434   -3.76931084064149
989.700368343141   -3.77043855011602
990.905237630859   -3.77092982889612
988.117680767402   -3.77058752161726
985.323606732332   -3.77087896276175
983.213050324848   -3.77012400685354
980.21227971498   -3.77009632797756
978.826709520665   -3.76869747049373
988.832155407487   -3.77008076790553
978.555439347209   -3.77177208235899
997.040449629989   -3.76959287303748
979.6073710834   -3.76921177692232
973.733216316143   -3.7701049878639
978.991823144476   -3.77039903747999
975.429881896216   -3.7706760302584
975.245141351204   -3.7716447697324
983.893977218593   -3.77183579843039
978.944453129221   -3.77005458221142
981.098116054343   -3.76954222290331
968.138503382881   -3.77026474141391
989.858801320595   -3.77157030621919
976.665951019574   -3.76976821131076
978.886788873024   -3.77074428969431
995.779432985745   -3.77123441295584
969.327977680727   -3.77103935818389
981.564626973789   -3.77208331201104
968.785481375063   -3.77062604617661
985.082657511084   -3.77128925741728
973.551174767052   -3.77164760700437
976.320126080796   -3.77211236837867
980.24940922418   -3.7700838292582
968.181502300845   -3.77161890346856
978.009140886274   -3.77239804085681
974.16703782012   -3.77225585827225
986.921084027471   -3.76960794683998
967.820836290682   -3.77122913152469
986.139291482426   -3.7708430341313
981.903406149576   -3.77223240290108
971.759930806909   -3.7713015231222
967.488304599838   -3.77251870269139
969.068971700344   -3.76924965447871
968.388422831551   -3.77152031484144
968.499782934356   -3.77059035582209
964.461407890374   -3.77102876716655
974.183997546433   -3.77140835064482
976.404512989565   -3.77327665911123
972.314045013094   -3.7695842673549
977.706345774517   -3.77112404239889
981.062432546363   -3.77043952502274
975.477953408638   -3.77051424897953
964.204329306827   -3.77301692668432
974.961203986239   -3.77203664027948
965.77909498723   -3.77191312765817
983.552551902372   -3.77113209631181
981.173205076128   -3.77336481221788
978.647296905357   -3.77286764815492
960.977115121856   -3.77096830256375
969.009756186642   -3.77353108845472
981.248679243927   -3.77298363177253
959.952583660272   -3.77182798008082
975.054170952927   -3.7709440266846
970.930438420778   -3.77325861782781
977.119283085069   -3.77233400235076
963.83684936702   -3.77374679655311
970.420832102997   -3.77087172114525
976.471209600038   -3.77061628264277
974.71419376711   -3.77343040938331
970.316550126341   -3.77366863835945
958.41800401551   -3.77156078196806
965.217679986533   -3.77307478580459
965.884999412704   -3.77332901757194
980.483113343244   -3.77312998593005
957.011187178591   -3.7742885909746
953.772228503412   -3.77266635341409
969.87113314127   -3.77291444218379
965.517131218838   -3.77212612828055
957.735409204103   -3.77298382271623
976.987262118544   -3.77299922913667
957.426824522348   -3.77422443586656
969.536633480881   -3.7715415319184
971.282527670816   -3.77293371482909
959.220746739689   -3.77269196858501
960.1272941967   -3.77515637535051
978.953763046437   -3.77139861777005
974.308850717767   -3.77391929663331
970.20407324442   -3.77278429018409
959.570284797837   -3.7727940902086
950.35743830287   -3.7718272169029
978.112130497313   -3.77346595624958
964.133305076826   -3.77365594258631
966.108970378891   -3.77339449614549
958.456816189782   -3.77321820345306
976.36758227696   -3.7701261284114
954.076195210353   -3.77102386500809
957.980269460416   -3.77325300195868
959.010930114594   -3.77421371651891
955.057926511013   -3.7739114905753
967.822000181289   -3.77365219062564
951.221989401927   -3.77443519363824
945.64299783423   -3.77255932842867
970.969715477154   -3.77345695380562
955.262103861942   -3.774987542559
961.821063173941   -3.77485981086771
968.059190313393   -3.77620772930118
963.288205386459   -3.77441382788862
956.508614408157   -3.77531773717394
969.269529959352   -3.77300366951931
960.989434135433   -3.7761972001437
950.125641808592   -3.77419430170228
961.287370075434   -3.77398186699063
956.047698450277   -3.77443339746262
966.836687374019   -3.77474820661945
972.275687153597   -3.77307883542371
968.837851523737   -3.77457281020652
966.180165521118   -3.77562799037345
963.950502271726   -3.77465500451457
961.283583921832   -3.77514678383739
947.394086988033   -3.77711563665255
955.066622973486   -3.77436866492633
950.768148254501   -3.77319318382581
954.282784971517   -3.77466143463876
958.260391204621   -3.77636513518789
960.142004522519   -3.77556930479657
947.374293475574   -3.77585680329669
963.846106461164   -3.77319276039503
953.273944180503   -3.77509672205635
959.393321467177   -3.7758189002313
958.518573318354   -3.77347953500804
938.829076519205   -3.77544943337293
954.893082558903   -3.77697781397967
961.169617361494   -3.77565627835383
950.465126426357   -3.77564770175735
961.243904312411   -3.77456106286704
949.559032327474   -3.77469496150275
951.021770704258   -3.77558619642474
959.048307755963   -3.77625944709363
947.373514746405   -3.77456712946883
957.508912132324   -3.77454985196641
949.069643448562   -3.77580964355846
954.628565760527   -3.77222929949792
943.306238184107   -3.77530052121237
953.66905322308   -3.77742080930022
947.580171245231   -3.77491815585641
951.93033674495   -3.77563766403462
946.644734640517   -3.77382977413716
946.644734640517   -3.77382977413716
944.566196152988   -3.77533230972452
931.388508446895   -3.7758822809424
960.381949971507   -3.77527733369631
946.322059893611   -3.77916206667146
951.495792709964   -3.77500765534593
947.043181852622   -3.77576313549503
956.157444514675   -3.77530339162373
946.892371837034   -3.77518729013862
938.777470834336   -3.77569507303896
945.028776423381   -3.77457046117984
950.870107761266   -3.77767614931537
936.140900342408   -3.77388088296101
950.755618385536   -3.77499160415275
954.452632197303   -3.77523544541173
943.746591413263   -3.77488965660623
950.691520744017   -3.77524449813936
953.708247676392   -3.77628911763579
949.397860624773   -3.77597069161971
951.746752344417   -3.77584749604806
948.808895069823   -3.7761305474501
960.358084924614   -3.77377913588438
953.589207181066   -3.77784595447848
954.273809035967   -3.7763305935057
946.203744123699   -3.77571700626647
951.32011805126   -3.77530039240463
943.939361144347   -3.77647868892065
950.646398603973   -3.7744263370299
943.540424424926   -3.77361929568681
952.761280160603   -3.77431257313075
957.439297786461   -3.77566990419737
942.837333301896   -3.77561316285736
943.899393503883   -3.77427891512544
966.164309405343   -3.77574001400585
948.860395947939   -3.7775709562637
940.982861227331   -3.77656733385633
952.169933852031   -3.77606570237475
947.994642210676   -3.77447687359034
942.183919018713   -3.77659447688066
950.905639773317   -3.77609207559398
936.037009683848   -3.77557291292072
949.391249001346   -3.77691516012561
952.733087543607   -3.77387895085946
942.649244259837   -3.77581589307484
943.662913113071   -3.77555011537683
956.408242092961   -3.77542302050131
948.741584887337   -3.7766169011098
940.39008274758   -3.77632254865167
950.591332199169   -3.77618740261744
942.945288628671   -3.77633561147918
957.01070029501   -3.77421481892621
945.077707988713   -3.77425574087193
937.776489405796   -3.77461164207859
941.09565618383   -3.77437545568896
950.102958115519   -3.77760877092123
965.083418332783   -3.77524883784775
958.414021381019   -3.77751333658416
952.480546480327   -3.77637554142586
956.462593523992   -3.7767679853312
959.973896513569   -3.77458805228331
945.490732295453   -3.77666927395732
947.536794033261   -3.77603689431663
957.106117923549   -3.77461255840412
958.619943873174   -3.77552497568047
964.354201045466   -3.77608592893516
938.015213374963   -3.77570734761298
955.333673720414   -3.77534966417968
958.74904827852   -3.77621656964491
956.183710937966   -3.77647678090353
947.960735498559   -3.77494090035309
945.783424933682   -3.77689928808138
947.471306146576   -3.77566365389073
958.329359243371   -3.77672709702741
946.365530599694   -3.77477353316825
964.268935982781   -3.77496991917327
950.963448615679   -3.77567329698214
933.316411092011   -3.77484937001892
966.863293651221   -3.77529419209555
957.499910434161   -3.77618875200028
943.380999869347   -3.77514331484546
955.528521055365   -3.77446200032523
946.972522881476   -3.77650715674916
946.588036646837   -3.77299740999373
950.690623096143   -3.77813941375532
949.180022016526   -3.77512493528305
956.206855708632   -3.77577600022412
946.744675546232   -3.77694797048499
950.50398374578   -3.77487085622071
937.040868782387   -3.77545427554151
963.557718204826   -3.77630647585974
944.812513967622   -3.77378362786472
945.132216352808   -3.7748662081821
952.906347306863   -3.77577199341639
938.446537936992   -3.77586980931059
946.376882876133   -3.77505542137385
955.849751703196   -3.77730421837628
958.324870544347   -3.77503221642809
950.374045808996   -3.77571348034671
955.596974082099   -3.77498722601161
957.975016363638   -3.77528772898771
944.958520110276   -3.77614367854676
944.958520110276   -3.77614367854677
951.155981610538   -3.77620034517328
950.184930455847   -3.77333301026523
940.811435051989   -3.77544724358951
953.597684890735   -3.77514890581166
943.790629141682   -3.77416419191624
942.147531876053   -3.77617016954195
962.451637223102   -3.77668208773547
961.024814507929   -3.77658269026745
946.456201711084   -3.77666846367834
943.519596824126   -3.77519251748031
945.649771789352   -3.77505236812673
941.369989072905   -3.77717213829469
955.927801212349   -3.77545471326747
956.669917155313   -3.77928253433495
951.721051252102   -3.77482944393491
950.969660453053   -3.77708608375759
935.66316153161   -3.77654693975972
951.87805494782   -3.77558153865701
944.684339875802   -3.77674122775015
947.525722997467   -3.77464099324112
946.452663203787   -3.77537518718369
941.702822769246   -3.77480313740855
948.838570755512   -3.77633039671022
951.262400044772   -3.77631845764688
957.74950010082   -3.7745124263447
948.385062447112   -3.77704074301048
945.596245671903   -3.77475458497879
943.761233849768   -3.77386411818535
953.489570692355   -3.77525634148908
961.678202546701   -3.77535473469547
952.752591275657   -3.77550057433013
952.432199083213   -3.77592433884746
944.459421583549   -3.77565284783798
956.982294399224   -3.77410702025093
950.155580208855   -3.77630316379485
959.584636495763   -3.77505982157927
950.762018173242   -3.77571309329129
959.62676184152   -3.77461638532092
950.866168094336   -3.77722087826098
952.66758376784   -3.77458278016295
952.589210056275   -3.7746759709423
937.793239665384   -3.77927536350183
952.312993722108   -3.77670023628568
937.265019018858   -3.77580382661095
953.680337422118   -3.77528927595332
949.32453351453   -3.77661394507748
949.353180066235   -3.77403541037579
945.090146739285   -3.77512175118007
954.491031628216   -3.77737666150776
959.320729551783   -3.77373393319781
947.916370824272   -3.77566054392506
948.917442610001   -3.77518489927029
948.846256407096   -3.77373002871562
953.534981507252   -3.77665476047675
945.691359330322   -3.77643212146139
961.14169659408   -3.77545006662443
955.917316191033   -3.77650139881188
957.193234490525   -3.77614147007844
954.549513653113   -3.77407790065091
953.119183781162   -3.77543526620832
954.045965796216   -3.77623016205366
944.864835254448   -3.77609131366049
954.598932327376   -3.77652469545011
944.491802719465   -3.77601305458247
947.66610702921   -3.77840082831819
945.563290541194   -3.77668038054142
954.254049691845   -3.77586378422072
948.989341368023   -3.77442182982212
945.658851058689   -3.77709692064964
947.575638203285   -3.77491982510157
950.01095480172   -3.77527776842715
943.405707473055   -3.77451372900535
955.258781370393   -3.77578335509253
944.342094757852   -3.77760319452463
954.786207941321   -3.77512466402064
937.937011494107   -3.7759584152486
957.442495738499   -3.77402127330656
939.163254460626   -3.77603662613208
959.924905064295   -3.77670710921291
958.124296644343   -3.77570955402351
954.870092298636   -3.77588284046658
959.110034911824   -3.77534940868592
948.306815842015   -3.77368090058638
945.231310043705   -3.7774998749945
956.331433870698   -3.7740274113441
945.233106845399   -3.77574883195456
958.791552974276   -3.77468487723408
947.050702611428   -3.77500655415996
937.57980416645   -3.77428290267592
954.067555625909   -3.77733871966039
943.862028117464   -3.77479690984976
946.752425623114   -3.77497828316605
940.304962865155   -3.77655460312747
950.912551842553   -3.77537151356556
940.137141589119   -3.7764493557237
956.313142527636   -3.77375557184683
947.651272841324   -3.77579692850555
950.610768770972   -3.77381160502742
942.955653879576   -3.77578273397435
961.801805326879   -3.77639019539716
961.80180532688   -3.77639019539726
949.098646491641   -3.77578261635023
948.922966191277   -3.77642114802496
956.477787120265   -3.77332384875727
950.501931183535   -3.77659952139787
952.543128111787   -3.77774566813477
949.26471025958   -3.77354942411273
945.186577035991   -3.77456204650783
942.103411264653   -3.77534199826523
950.267813650155   -3.77619432128036
941.113628034445   -3.77474955582965
955.973825455228   -3.77597883193213
948.588330228725   -3.77712262266242
956.726719633692   -3.77817025713075
950.170135156564   -3.77624533851134
944.782392641161   -3.7769182023732
951.264092751176   -3.77627337789463
948.307114243199   -3.77584792672506
942.73079557764   -3.77731093285925
934.550182686158   -3.7768122567607
945.846983379913   -3.77650753520959
945.509174687668   -3.77569435391919
945.437330954598   -3.77699070268692
950.210652328647   -3.7765875658172
938.410313320897   -3.77653599864646
944.446098282571   -3.7775642676662
954.162467484994   -3.77504967633082
929.162674851164   -3.77734495126574
940.53290808814   -3.77553184042321
953.332517069257   -3.77537463779467
941.920268551299   -3.77738034800677
947.225273529865   -3.77901914660271
944.290234956332   -3.77599776377624
949.529502983841   -3.77793504013108
936.018795996008   -3.7778098676029
928.982017061172   -3.77643345855024
952.610226854556   -3.77508139092001
940.78335543768   -3.77684374796625
956.090935836905   -3.77678106446634
943.387541585143   -3.77644584718088
940.836427665421   -3.77770378068765
929.461587184017   -3.7774905417831
942.816426239312   -3.77647571943196
933.193856113954   -3.7775271674421
934.534651104715   -3.77903266229496
940.142390642024   -3.77757071668516
929.695255358725   -3.7778722469099
944.56756263854   -3.77761669033239
939.551640533599   -3.77770644489408
932.516086119499   -3.77897675746573
944.628107275859   -3.77847865075779
942.182772454358   -3.7801248994488
948.636392935631   -3.77801682550069
937.381772294908   -3.77756909588645
937.073174786273   -3.77711249303117
950.751898737013   -3.77837015930303
944.300381142526   -3.77861637171917
928.291698206364   -3.78010662469714
937.239846333952   -3.78060166787383
944.765320904926   -3.77827211873121
947.293781471875   -3.78062999050196
925.151993595407   -3.77831192812365
938.63546892579   -3.77818295129132
929.069974535176   -3.77959319576123
932.015730637402   -3.77790363035697
932.661191264759   -3.77772851162496
927.161083924279   -3.77683113155944
927.689186216401   -3.77914378930027
940.597489764562   -3.77621542566416
926.738073959169   -3.77873026306885
939.551830059194   -3.77747026183344
926.086577076084   -3.7793288681824
926.279592337478   -3.77829980749676
928.07279922871   -3.77771280196814
935.654053050287   -3.77999927691463
941.038833567494   -3.77867746645501
932.158235373854   -3.77838872933432
932.801951801527   -3.77956491924051
932.931048231179   -3.77751364330691
924.506669554802   -3.77767685372131
924.106320627106   -3.78018028411549
918.150128240192   -3.78006354146954
927.243391488033   -3.77751292304456
925.552235246654   -3.78164519023944
931.868272706862   -3.77745340085345
922.961435312183   -3.77946816412115
925.623131117045   -3.77817908165221
932.235328700385   -3.77798415928657
922.245767568861   -3.77881867161345
924.808322828329   -3.7780077191282
918.958065363947   -3.78031096203184
930.957622088415   -3.7794992380509
921.019692599656   -3.77920621431262
916.584904069187   -3.77976893874165
922.304880741033   -3.77985103586503
927.779850524529   -3.77932489592522
932.057890551073   -3.78006695322887
922.173096677497   -3.78096586054441
922.875311119033   -3.77880701046496
929.937403639855   -3.78048586399535
927.089051575497   -3.77980725844832
914.781897303793   -3.77918501805068
918.73603846062   -3.77963692190395
941.293297169322   -3.77838165026124
928.634048887646   -3.77958726233572
913.031138476437   -3.77980902232523
917.35637179975   -3.77823303348235
930.484232689472   -3.77859131744498
916.26091790413   -3.77948575802584
918.406056100296   -3.77897157896574
922.843799875185   -3.77871333111113
915.939481286081   -3.7797000389471
922.876109628376   -3.78111017246682
931.074882737875   -3.78114752352333
922.430423371744   -3.7796314894718
922.866065579393   -3.77983448120917
928.41352126672   -3.78159118115061
922.306123909628   -3.77914155824906
914.614643084382   -3.78141559212305
927.140529073313   -3.78192737040354
928.431092209131   -3.77929214551912
920.354512797919   -3.7796131879641
911.266191648729   -3.78143895816024
922.892507797912   -3.78025075444137
920.466845803652   -3.78131551656006
920.731327752728   -3.77944185490107
909.204263523435   -3.78157338116092
919.386467372132   -3.78051530914678
925.72232994722   -3.78056389636103
919.915678331148   -3.78113371554407
933.094112199263   -3.78219377939844
923.456108641076   -3.78215386836698
912.409761681642   -3.78019151668688
915.06408778747   -3.78143816184375
913.032360914384   -3.78002769270246
915.99712996936   -3.77856483488359
908.142048701788   -3.77931476589919
922.351951004879   -3.77978975031201
915.099897110589   -3.78139630283179
920.279668508256   -3.78084250316532
927.82450150091   -3.78328091806462
917.427161902793   -3.7819507402151
916.821688824866   -3.78002495971012
903.156783826338   -3.78128591204669
920.06723434528   -3.77994067245235
914.784055532768   -3.78194884671681
908.967639498789   -3.78195369607058
912.630149248175   -3.78004449853132
920.870740649151   -3.78253450841946
913.401631573429   -3.78107766425855
930.752543727346   -3.77942238464345
914.776016097072   -3.78242775058811
914.397551975761   -3.78168456740051
928.606671875341   -3.78247992528807
914.596737560382   -3.78219545669927
911.912929982713   -3.78193430438504
904.258446405892   -3.78089380108995
918.138604750876   -3.78196384247816
902.799199719068   -3.7821991782104
902.057109096954   -3.78129851933519
908.722553716071   -3.78168003585379
909.142945941221   -3.78243204198152
927.956363957218   -3.78165032455665
904.761416898116   -3.78292764730099
918.253825579366   -3.78215197385826
906.017992312449   -3.78339059969281
920.33468327343   -3.7833152460436
910.326305898257   -3.78413295057197
906.837379891762   -3.78156441763633
913.031816885666   -3.78243818635971
909.339661122397   -3.78202205046474
901.926920548862   -3.783423365505
906.8592555279   -3.78177824246474
914.075050733141   -3.78120951038504
897.596281794713   -3.78224486460072
915.461216420602   -3.7811886781827
898.194694486939   -3.78213122647602
908.866154643095   -3.78164008272689
917.009340452654   -3.78437744747943
912.046586632679   -3.78196921425337
897.580839144223   -3.7829317894275
897.034691133901   -3.78181178055647
898.51533157124   -3.78166437912521
905.393392538922   -3.78280929103863
906.608052778496   -3.78353866390911
890.167404431099   -3.7828408954471
903.178498007398   -3.78261175575861
896.631934593482   -3.78204827863506
901.54987100601   -3.78323369837858
898.701753644354   -3.78435252754508
901.103018336914   -3.78176742863642
904.388413197607   -3.78357774910586
903.803786646779   -3.78262948804653
911.10415227301   -3.7849787155335
900.293090093646   -3.78319900877119
899.689431208574   -3.78376989745311
896.588794842468   -3.78250973864786
906.168557975605   -3.78398411832259
904.682319226779   -3.78320287879396
893.440662437572   -3.78395600363179
912.404242987035   -3.7822410268258
912.404242987033   -3.78224102682573
893.466720432715   -3.7836348809101
908.649103507072   -3.78314155945133
896.226842648381   -3.78309622656672
896.008835667702   -3.78556193493126
905.24503027316   -3.78275704970302
900.23067773348   -3.78410115673961
894.941134168028   -3.78208565206701
903.398569419829   -3.7820338326109
888.271174901634   -3.78366693694076
900.619968683574   -3.78303494849884
889.845510059429   -3.78374325541473
896.315907173692   -3.78422853366149
901.328309396094   -3.78245800661254
897.974587024233   -3.78630174818059
894.764620873593   -3.7845243631214
894.670106047798   -3.78139682571706
896.144446817147   -3.78277508123789
903.106290919581   -3.782870369861
896.435714224562   -3.78279186493898
886.940451376321   -3.78341432342921
902.02689757336   -3.78301480580923
890.323840816676   -3.78536269761478
905.195475185095   -3.78314154891838
896.121150625395   -3.78345726800142
891.06311714046   -3.78220657985824
900.137263586526   -3.78237217096554
888.312531657814   -3.78335762150767
906.594075613937   -3.78440971360352
892.353219957191   -3.78235577852422
904.681329869772   -3.7839604803145
903.104034528441   -3.78379235920279
903.838674337551   -3.78249750994735
911.220033211606   -3.78506696018705
906.472651647551   -3.78298217936236
896.974487894884   -3.78489177485145
900.016124982221   -3.78373342319845
896.709153537973   -3.78166341523182
897.997194069171   -3.78325848209406
910.238142308405   -3.78369235676606
902.682578338444   -3.7821121812095
897.4441225578   -3.78460505680256
906.087880617164   -3.78359958417669
903.379248275773   -3.78425461999529
902.043730129097   -3.7843832093891
904.246180916302   -3.78371038032761
898.865207175433   -3.7851008995655
904.626767512895   -3.78351617988007
905.258648601362   -3.78519405664773
902.519507076302   -3.78349035646393
901.995406560824   -3.78360888687552
905.464253720921   -3.78379312025749
905.498778607544   -3.7829889097502
901.101486514327   -3.7840811604533
908.744482407071   -3.78250434278504
895.327725481869   -3.78324647748522
897.270483881056   -3.78278283095135
890.961085275707   -3.78279944501776
903.050710906852   -3.78351885583421
901.772567408893   -3.78344534801791
903.199151842811   -3.7812341346476
901.186661964275   -3.78294058061366
899.446232858245   -3.78476505587287
899.588466323154   -3.78483727501964
882.914619764389   -3.78409283735048
884.77486008877   -3.78184207830067
900.0145321727   -3.78296581840371
893.448563486501   -3.78348151056526
895.589077439402   -3.7835162227465
900.391258714066   -3.78375251272465
899.661693722068   -3.78539820057106
904.196520270776   -3.78211414186968
887.757618750452   -3.78364684814823
903.39478800353   -3.78318328380668
889.048862684465   -3.78336497381573
915.611863857308   -3.78282338720304
904.408986378933   -3.78399445329332
888.031274017842   -3.78226502476324
899.297343686031   -3.7821603217924
899.948260879546   -3.78437739072536
896.063952248364   -3.78291367984353
898.211735750041   -3.78420018831995
909.753493506959   -3.78299390367418
894.30129485268   -3.78504814046872
896.578723093141   -3.78290529205334
897.79785135468   -3.78442141742231
895.354270157976   -3.78381215041554
899.04287767206   -3.78186735437639
891.088933081254   -3.78335844922906
900.498439631103   -3.78407608581522
905.159200460273   -3.78329559684494
898.817746166944   -3.78498776171748
888.039199669373   -3.7841931266852
902.922810982228   -3.7838815117069
918.938041948162   -3.78500111180372
893.168680568969   -3.78575262923211
911.75479292618   -3.78425563745077
891.15874758185   -3.78305043091011
901.001891384143   -3.78545668015459
885.71245692024   -3.78491042703932
906.743740955033   -3.7827325255952
906.743740955033   -3.78273252559519
895.048271241945   -3.7829336194728
904.38659019417   -3.78426967121136
891.991502750173   -3.78268342705657
886.562257959971   -3.78327485791453
905.656264509516   -3.77951582084764
899.01431371475   -3.78339718042273
901.699474842447   -3.78228436030583
894.66641539982   -3.78448216164391
907.886293748734   -3.78383891565556
898.579627905579   -3.78230323950188
898.277213777901   -3.783763469047
903.057151804174   -3.78362904736124
902.053352746165   -3.78276097636864
897.86058051491   -3.78412907909124
911.027441600752   -3.78237326437268
894.841364390932   -3.78456178047026
910.58403158712   -3.78417348808269
891.942545505447   -3.78537311377258
892.741591235898   -3.78448854364277
916.468905573674   -3.78511843284291
899.321481310012   -3.78340577117791
903.170771361975   -3.78344068814256
905.979625458684   -3.78354822030721
901.226517169077   -3.78258793447528
898.847092318773   -3.78327819186257
907.309844352676   -3.78325411781422
890.384206312896   -3.78363913254786
908.225647058804   -3.78116325093341
899.054874768654   -3.78402795778964
889.177872419937   -3.7832921507002
901.398015841914   -3.78244411328621
905.383665549003   -3.78308544136354
895.950212206511   -3.78430522503677
901.602852214995   -3.7834503666589
892.575826141035   -3.78366501129498
900.455992935619   -3.78400766356783
894.489040046603   -3.78497641872451
905.32551468111   -3.78289185892836
897.30302549825   -3.78448914855559
899.810554702669   -3.78166228489146
899.396435625322   -3.7830813893026
907.832245058784   -3.78466105227864
900.707134552286   -3.78316872655534
899.787197601427   -3.78324055276743
892.489043441289   -3.78290718460425
904.036028387433   -3.78322162136211
903.569944187869   -3.78362391461321
904.432776336666   -3.78331802171416
904.449147042476   -3.78434325571599
912.624055638914   -3.78337693761602
901.088265289341   -3.78401038688834
900.890288466395   -3.78474081804756
900.676320108093   -3.78534678311775
899.311031413002   -3.78163076579448
901.012561255123   -3.78324045339214
903.380199663372   -3.78328035947268
894.150885719695   -3.78421127921514
899.055532653827   -3.78430635294547
908.092289875575   -3.7847355697867
903.516630644106   -3.78378013005491
906.730087108287   -3.78148395920659
896.48099230653   -3.78312961478197
893.884398102998   -3.78406703908166
900.420453363853   -3.78335330830186
899.834882600317   -3.78337596319828
891.583674528357   -3.78327849222941
897.249925731168   -3.78192474636737
895.649533569233   -3.78174313908934
890.221925514369   -3.7830250309694
893.696404335485   -3.78542187792007
895.336027251792   -3.78272048000244
904.252557393822   -3.78600130982403
906.281429326811   -3.7844830947935
904.860193557482   -3.78351096519444
911.002595027329   -3.78364832576281
901.732029562377   -3.78472854626424
915.31334236844   -3.783094175199
907.52327922312   -3.78232067657438
899.831553483749   -3.78039342403101
904.946056742713   -3.78482379534424
905.68640830756   -3.78306063596847
897.61640901994   -3.78420895954681
912.632008666694   -3.78232345657287
906.126345272744   -3.78537626121045
906.240258137086   -3.78473429639353
900.914051186048   -3.782684593245
904.405557600598   -3.7846218652946
897.651293889186   -3.78445260560262
897.514958328246   -3.78171001458575
898.650889959278   -3.78508063998881
899.031572663904   -3.7822354371027
903.970633314625   -3.78379378963975
899.547898465524   -3.78376213654385
900.681476747562   -3.78205807912819
905.108738794767   -3.78377201498876
902.986275103445   -3.78365062547842
900.434456699923   -3.782159640536
887.173330511719   -3.78275938136213
905.472486082118   -3.78397596858982
910.140769057011   -3.78304295759522
910.140769057011   -3.78304295759527
887.399334694772   -3.78275438078555
895.876750152544   -3.78455804995082
908.792458936744   -3.78565074654066
903.392227294055   -3.78349150704263
900.049837323558   -3.78503007244174
894.126797125011   -3.78347037424589
894.609827866614   -3.78337000386601
895.190514617638   -3.78351562506608
906.301735145632   -3.78314242423912
893.152560158054   -3.78353576395151
889.351579677307   -3.78317772397319
881.517470107511   -3.78333697962651
900.384167971621   -3.78462722341843
896.728518076243   -3.78394542766336
891.617077527788   -3.78555929066681
889.232147279184   -3.78468562537081
900.019501982213   -3.78283152118368
881.307111766291   -3.78503635429978
905.587779401922   -3.78490211723881
887.71941970947   -3.78434052477454
900.349827107977   -3.78437455179796
905.670377594619   -3.78347460021846
897.85049821516   -3.78466059607999
885.899153069662   -3.78612246154242
888.24984179117   -3.78295017170448
902.660394632795   -3.78282358131449
881.759932408385   -3.78446909440729
884.337866031539   -3.78335340698588
886.929836849875   -3.78481027598651
888.429467878878   -3.78394363246014
890.974148871177   -3.78494191925633
892.706886932311   -3.78345464324913
886.028719730529   -3.78406675382496
882.583637323899   -3.78434192055072
895.702650256554   -3.7852107229916
899.316535998812   -3.78508003374856
883.124087347367   -3.78572850429597
892.68256630595   -3.78500538454549
885.881514938692   -3.78638170948289
882.162312914792   -3.78393832501719
897.025733571007   -3.78569085977066
880.519771116264   -3.78382183500903
876.823692436602   -3.78569035586111
897.333381370582   -3.78582919316108
888.028246963415   -3.78353218450116
893.74014587871   -3.78427303079399
877.57885286224   -3.78569369360594
875.704768834315   -3.78406414374587
877.578573531584   -3.78650567558047
875.814204069237   -3.78365258721234
884.841685231683   -3.78609373277715
886.052342583012   -3.78563881947829
889.963031542309   -3.78510306884033
877.968057629969   -3.78680072082685
889.977898429751   -3.78450136132144
884.792831082555   -3.78775023476252
895.243209439625   -3.78619093813292
875.546126207635   -3.78658235652886
880.033324587854   -3.78512116666511
899.547015636036   -3.78460247303264
883.910654995807   -3.78476948609094
884.875539932411   -3.78460543933581
891.181328276544   -3.78550386639448
893.943113216346   -3.78576824752759
878.84604621222   -3.78372753236688
886.75300333127   -3.78462707751346
868.864029805753   -3.7862048132217
890.026275829892   -3.78481598647723
875.481422426543   -3.78746777895334
882.870321458051   -3.78692535243561
882.21501893386   -3.78596757002643
873.452066634791   -3.78659017777377
884.503204677727   -3.78617947077635
891.142004273293   -3.78641046802952
876.238005583967   -3.78671553403547
878.382199551257   -3.7872441901654
880.307427637441   -3.78631811143641
889.520505445641   -3.78546708081352
881.614763428438   -3.78714056284266
875.015163186339   -3.7872210766762
888.093195571619   -3.78695159952704
869.892023898985   -3.78592215774876
887.744437740207   -3.78739917756011
873.727895904748   -3.78610880640109
870.8420653007   -3.78843929163053
880.042523691553   -3.78847059422114
891.38478460444   -3.7875264288581
880.961773170253   -3.78559700829735
874.339223294163   -3.78533429341696
865.961286903017   -3.78651151730447
874.805429353157   -3.78852725682256
892.122942308   -3.78618077129523
877.524676492543   -3.78730448767566
876.91964185885   -3.78841531597675
863.061298315931   -3.78571877581666
869.877309285947   -3.78667197724044
879.446183993017   -3.78638739105729
874.113730901311   -3.78761020810503
870.736984316498   -3.7856770002943
866.146351853465   -3.7877432885895
872.943052289605   -3.78766226711178
871.768288643503   -3.78702557199427
865.710096067135   -3.78649224903654
885.048053271324   -3.78827012154573
876.796097790011   -3.78730951082882
880.039020826409   -3.7882231384729
871.309373982346   -3.78737381998418
869.763040225143   -3.78878718569896
871.362137162428   -3.78649253881478
876.591907273918   -3.78851631681926
872.231063660689   -3.7871100083486
874.631231686695   -3.78923227058633
879.500883452319   -3.78842583923151
880.71164079316   -3.78842469454239
884.80258009296   -3.78733577313572
873.382107585701   -3.78887609820862
866.919372285942   -3.78841910105469
866.890940282484   -3.78764815009274
871.573336118298   -3.78948471858941
869.552621109784   -3.78955751798748
869.508913178028   -3.78713790148594
861.629634996564   -3.78844836126758
867.561824965371   -3.7898164522587
868.264940701626   -3.78771028012741
849.373141467182   -3.78788153393331
864.712614738843   -3.78667014672721
850.563889785498   -3.78773567399146
864.085617737884   -3.78748776959379
868.886670713713   -3.78851368172296
863.377040311276   -3.78869745298905
866.224131933261   -3.78896262887136
885.195523617427   -3.78933013816465
856.765789779516   -3.7890943636943
871.896183146753   -3.78738467896541
866.207696928811   -3.78783904161115
866.433731550543   -3.79030426269821
871.997209549915   -3.7889969789045
862.677073986174   -3.78987538933338
863.180057519815   -3.78640902076533
860.668112616745   -3.78980275643442
866.303424308214   -3.78832737175219
857.715294478182   -3.78935881295094
860.636750719938   -3.78855099395691
867.178063280256   -3.78850317836091
866.645463581758   -3.78953060120579
868.265941176636   -3.78921657470457
859.292683900308   -3.78812777619676
870.370642694738   -3.7894182397545
863.077769167432   -3.78833564709957
857.599124932871   -3.78793220847063
847.972883115386   -3.78868882282303
863.847799753193   -3.78881618171003
859.761102714093   -3.78863576345158
857.105154169201   -3.79053145362269
865.484870258458   -3.78952485261019
853.646353058795   -3.78946678130597
852.68220012402   -3.78962764603885
848.590723040287   -3.78800891189321
856.761211336202   -3.78965106033915
845.483010590485   -3.79042421253823
873.700480227083   -3.78930899544726
848.440239648506   -3.79039245678848
861.92366047039   -3.78767297239497
852.180633897113   -3.78902050178986
861.928280842735   -3.79093858953326
869.84969840312   -3.7902236898139
866.032139686333   -3.7899668060319
854.090979863439   -3.79025170278952
854.196125223179   -3.79021905815331
867.303354285072   -3.7897457641433
843.990535481944   -3.78948190259999
850.188079953116   -3.78836796623509
868.849470456949   -3.78811926181557
868.840400767623   -3.79293318378704
858.864409955609   -3.79053371134256
857.122957224426   -3.7895590706495
840.071184797108   -3.79049274816842
850.923374060308   -3.78978859484932
857.095744097879   -3.79233372334305
857.575901330333   -3.79021699213842
848.683593189164   -3.79046019852573
845.469913422488   -3.78879820632096
846.417928644077   -3.78899277612952
849.394317858858   -3.78959117675212
854.797089728955   -3.79112559813784
865.249109595019   -3.79011472509702
843.586148596196   -3.79222505520311
854.755024464763   -3.79130444805404
854.047170891384   -3.79092194966286
861.136540781807   -3.79107241455016
847.713256070578   -3.79109519920966
850.801072512248   -3.7916038677206
862.280917752692   -3.79115072540855
849.211323453428   -3.79280016823944
851.322870974515   -3.78971497118108
844.89548060409   -3.79216252686981
848.249446404588   -3.79205633203978
850.368100105934   -3.79115257044135
848.079310109927   -3.79216853260391
850.665363644655   -3.7918389106584
850.665363644657   -3.79183891065838
845.240667259925   -3.79025614450872
842.373259895246   -3.79109375637829
842.911152825759   -3.79173419591618
847.890543587138   -3.79032070228632
853.702276419813   -3.79261821343937
855.055559652098   -3.78974738802055
851.907035823762   -3.793332401484
846.918327897571   -3.78993542390489
860.015307733183   -3.79236302136396
851.260457281208   -3.79010990684517
852.297404882258   -3.79189070497794
847.571676526102   -3.79103837493122
844.760753249275   -3.79010879235682
846.167300115766   -3.79093630163861
843.399015828849   -3.79131569733896
859.900845730097   -3.79144537683404
833.514673951482   -3.79209933209926
846.907851632351   -3.79074073305533
847.164355646768   -3.78953094546479
850.538652522622   -3.79152937895679
856.258688228017   -3.79008858361591
856.260785932302   -3.79015246927753
851.773487866088   -3.79095563144887
852.933413753275   -3.79159386027521
848.332992195762   -3.79246429022068
850.674882457792   -3.78985814034912
849.352303712642   -3.79142996345869
854.935296890352   -3.79197289584241
858.379212894988   -3.79203424033839
848.678448041567   -3.79188345729571
849.943286012546   -3.79024723944313
852.044651899151   -3.7906287656222
851.589685364887   -3.79066045836679
855.671597019292   -3.79255389081286
857.014506844343   -3.79057439241527
850.353509288728   -3.79207315844053
853.320501370406   -3.79077517990192
854.329209306925   -3.79225678745714
837.882689824461   -3.79237689882574
864.887473969122   -3.79248334324528
845.586226494949   -3.79156255321932
836.770027797914   -3.79182658404822
857.563683917198   -3.79153504109455
846.502063685576   -3.79127607103835
852.185730065285   -3.79271470045317
859.023378628562   -3.79063314912769
846.349128631937   -3.79252425689032
855.153660853847   -3.79097552458161
838.747927231896   -3.7905050282077
844.003767884502   -3.78903987763252
853.880921473824   -3.79291622165761
846.61462975068   -3.79078557636424
846.540644558503   -3.78978001461623
846.675045757537   -3.79142066726906
860.137656721355   -3.79005895127203
851.034624802783   -3.79160768592363
850.894988025722   -3.79054939215444
843.763921537874   -3.79003946267974
840.415723876482   -3.79048227389141
842.987599810268   -3.790513805912
850.100194127804   -3.79123157990205
840.963342535136   -3.79242317582534
843.556656852804   -3.79144766557607
849.253527762289   -3.79069623792769
838.157616847392   -3.79020061688462
839.272212276959   -3.79054003758976
852.010004502766   -3.79102074397183
851.529694893291   -3.79187664568859
856.279335117974   -3.79035437045057
845.635357297642   -3.79255485808351
857.046779781333   -3.79183993429796
852.807080805042   -3.79164728288432
835.502948856671   -3.79008088614602
852.948619342871   -3.79170300393702
849.497563974192   -3.78914090439321
844.358805503249   -3.79134436631114
842.01824816058   -3.79051335793852
855.01750963826   -3.79079758987359
842.526630027984   -3.79167721123385
849.676987015254   -3.79149343729135
850.739100266211   -3.79106794714258
845.441883214467   -3.79026174325131
855.878620197943   -3.79028311748667
853.164884976571   -3.79183823274905
850.546538306625   -3.78984440312396
849.255419416142   -3.79206501131484
851.292261129481   -3.79170563564954
852.27348435741   -3.79071069566677
840.261140726983   -3.79099933020996
849.523987071474   -3.78953061891455
845.373631169966   -3.79107408927659
851.298618229205   -3.79161130950872
851.275104329497   -3.79150486266509
847.120366374093   -3.79028382784631
853.609598338654   -3.79293926314008
852.266016421138   -3.79093588878489
854.958812472656   -3.78965378638847
847.106241901687   -3.79065538494934
844.637902039775   -3.7917039254015
851.429587966799   -3.79034353849127
851.429587966799   -3.79034353849129
845.835203391116   -3.79226624778281
849.559184091133   -3.79154282664517
856.904389336249   -3.79005236574426
839.763072650306   -3.79148930835331
855.07130958057   -3.78935122022219
850.368490439637   -3.79157914470842
852.188098952381   -3.79064393312753
854.983937824136   -3.79172659944597
849.614017636991   -3.79193783164497
854.708423497312   -3.79046425239161
844.89254337918   -3.79122493366342
853.140766375473   -3.79019196055071
853.301489551415   -3.78933851696214
851.782266176175   -3.7915038768312
861.104803297646   -3.79171782108425
851.39355407713   -3.79106382916308
857.00665320318   -3.79166624002685
843.978359118099   -3.79092670019684
849.184386742775   -3.79107170249906
846.13473973872   -3.79118296974721
848.642311105119   -3.78988903212031
852.173113387525   -3.79034102734829
855.838021113402   -3.7906962015104
855.106964889456   -3.79131093028702
849.002786864276   -3.79331880022225
842.369297709181   -3.7914447795849
863.026169350292   -3.79128450572256
845.997954402649   -3.79276437623333
852.87827302824   -3.79102580097285
850.737799215429   -3.79083321676
848.071161202228   -3.79134973938621
863.090620528914   -3.79124203438142
858.182337627997   -3.79245040545843
846.576900147021   -3.79007924656156
843.158549416679   -3.7910380937017
844.017733949964   -3.79186901723236
841.615132080815   -3.79226899020748
857.874658594543   -3.79259525130037
838.800675406992   -3.79259147653795
845.832222927029   -3.79294702133133
849.461959512059   -3.79045940898451
853.685237507694   -3.79115352376726
838.815106502967   -3.79275028209716
855.576841629732   -3.78989981600207
854.531240516563   -3.79149168364298
849.577903419258   -3.79001582141134
846.459327290832   -3.79001070645664
854.746009971103   -3.79038980862348
859.668649131784   -3.79185253303885
855.886899108421   -3.79176843874481
862.859556326948   -3.79108126862732
845.4297436612   -3.79208640203652
842.222182645473   -3.79143963620831
849.192371373055   -3.79006800223922
842.506554370019   -3.79157883124329
858.044574877077   -3.79023684053007
847.804770731425   -3.79094135122515
857.452554879516   -3.7912156171844
863.154195410972   -3.79196229963309
847.310839169346   -3.79247335187133
850.399225274969   -3.78918716837477
853.060418436136   -3.79054573547784
848.223053942927   -3.7913805471617
846.432465413963   -3.79180250965655
849.870938638426   -3.79054559756779
844.715607834625   -3.79171735925956
854.64037305179   -3.79032855452807
857.148084457517   -3.79110604228806
853.824232793202   -3.79266909624793
847.823650032514   -3.79136579872959
852.522585967331   -3.79072807885019
846.588361720996   -3.79285059385225
853.922278334655   -3.79048813309828
843.060569244682   -3.7910910761664
860.956917102461   -3.79200953152719
849.654584445904   -3.79097281754814
852.78672921159   -3.79284931031677
846.383465203528   -3.79072619539127
838.477108855812   -3.79062863837553
851.62633504402   -3.79262846311982
851.020206715911   -3.79047948267055
859.202954855521   -3.79291089941643
849.674697882144   -3.79104898859264
853.271301861811   -3.79268363317239
860.132615534907   -3.79019451741597
850.603347340751   -3.79011510113046
857.696774828819   -3.79185845037199
855.024303958518   -3.79173466609946
846.113357904634   -3.79260031269189
852.004182604412   -3.79018321213205
854.763655604898   -3.79188120163821
849.454561486555   -3.78960245090355
853.605125311133   -3.7922690227933
858.369152112777   -3.79018039425044
842.445753795538   -3.79083289190723
856.917436170074   -3.79150575685127
860.521127142902   -3.79044550885552
857.305623659584   -3.79223319547455
869.826220391128   -3.79104406072702
854.346805461055   -3.79153472581962
854.346805461054   -3.79153472581954
844.186131609724   -3.79182697589819
850.949835362268   -3.79110500363187
849.839933448462   -3.79228910730801
846.699816596255   -3.79060307790373
847.853334506191   -3.79156992356534
841.017034825108   -3.79166527021612
851.969774016838   -3.79098128631135
850.311556224643   -3.79265124482446
856.6074676624   -3.79379685479434
851.238604011454   -3.79043626893852
844.110095914309   -3.79242521367553
847.611985515812   -3.79238434102997
848.046105095916   -3.79182036388561
851.502135775172   -3.7902972501164
840.920299220891   -3.79121469888018
833.380649695822   -3.79343025492947
855.903671184693   -3.79176702618451
845.440561636691   -3.79305697660341
849.27422563279   -3.79306948297542
848.445379629964   -3.79155959017559
837.171161721667   -3.79283355304033
844.147576586583   -3.79016737865494
836.633622818521   -3.79258070018926
842.64760773872   -3.79093468413927
846.073648258468   -3.79392508744548
843.661698075476   -3.7931702901993
834.341888161811   -3.79100609116323
850.188123115568   -3.7940109593063
833.151340553791   -3.79147471069012
837.593618915402   -3.79081522788054
831.513561690329   -3.79247907045446
842.010867495513   -3.79190692375709
835.205019816788   -3.79242136274501
849.53135509839   -3.79200625478636
835.60920014474   -3.79437180681678
842.643559783975   -3.79214741827826
838.935399399551   -3.7924618820484
833.175531951338   -3.79117643139897
828.765158317404   -3.79400793092348
848.667460846466   -3.79315567568868
833.399424605914   -3.79247271786557
843.653237299627   -3.79156800448335
850.60990936308   -3.79290814316084
832.550237958776   -3.79317160430318
831.314222478404   -3.79218016451365
840.896330575905   -3.79358463136362
833.038569084656   -3.79157512196187
837.804598519953   -3.7915191284595
847.883306244962   -3.79482258555428
832.541133718906   -3.79322152474404
850.288107378726   -3.79395491938888
841.305436393673   -3.7925686177805
831.94103854926   -3.794185310604
829.469260342216   -3.79340162439972
847.560067149875   -3.79398342695446
837.970491666236   -3.79353282296335
833.549154336949   -3.79374553934548
835.667242108851   -3.79255975044775
838.046812817319   -3.79564291409676
841.215850265191   -3.79368142641312
836.802875307654   -3.79259279741334
831.664889744815   -3.79384987759351
838.684359872374   -3.79256324889101
826.490705823366   -3.79392828470519
833.464426271275   -3.79352705500876
833.332528908822   -3.79114314177572
825.688788896869   -3.79470796066365
846.775963606788   -3.79264734542522
816.004462291517   -3.79439726927376
845.851179664546   -3.79413333829817
834.882294801235   -3.79372390456688
825.959625519625   -3.79371303033056
830.724863058803   -3.79501778447976
850.839538582068   -3.79438147734768
836.152568580955   -3.79464451339467
829.043006452492   -3.79387510346926
830.4625891249   -3.79417937867894
846.431558885077   -3.79438952887748
827.005131425589   -3.79538219876278
839.780697623316   -3.79356444114932
829.547290820478   -3.79411866706549
816.085507980902   -3.79276444249075
826.694722983151   -3.79399382371806
828.014360721643   -3.7948186475525
822.328786672117   -3.7932249141584
839.122011608019   -3.79463383254701
832.077844882996   -3.79534879891133
834.113510106036   -3.79657306168819
831.436911827024   -3.79435863589833
825.745995229918   -3.79710420267452
830.901386151027   -3.79501782185317
828.201334574298   -3.7947296517938
832.112078130716   -3.79680491731251
825.020922246286   -3.79582213361446
827.087193486108   -3.79396385362407
830.678665132917   -3.7961231797908
832.268891788491   -3.79397662805966
827.847196016209   -3.79560104997367
821.368055923641   -3.79590750270747
829.550507856639   -3.7935705385221
825.627989835807   -3.79572683694027
831.531780469963   -3.79522975559467
837.832770493749   -3.79599479346557
815.638839376672   -3.79599089161157
816.896515297304   -3.795440177236
824.292969701213   -3.79409255689535
821.23161328981   -3.79636331120146
820.996259682184   -3.79402784338872
817.983023128266   -3.79583149269864
831.86711789821   -3.79606775576546
825.122659805723   -3.79717235149525
817.171868656661   -3.79493444768503
823.483043241979   -3.79408353057745
823.914771898732   -3.79702357816341
822.962832215848   -3.79589232738165
823.312358306796   -3.79555864266817
815.716153072841   -3.79600352891215
812.900578354862   -3.793920439516
813.043953216778   -3.79530996066423
820.351275456414   -3.79604045226967
825.605938284221   -3.79626356940083
817.292727338307   -3.79584827059865
816.76262581861   -3.79575451525404
823.190964923781   -3.79536377402171
816.217786433854   -3.79506051882689
812.293935848651   -3.79648572244101
812.921137812231   -3.7956779260097
821.467089932881   -3.79639690171314
824.737302655042   -3.7962963982207
816.832714580116   -3.79570320042848
811.07415470938   -3.79761550188402
824.275050417315   -3.79597954747843
818.896272169843   -3.79697155354025
814.200417613287   -3.79485674162202
809.038564485759   -3.79567280293009
820.568342151764   -3.79580842101951
820.275934175334   -3.79820195312402
822.986150786118   -3.79638566599462
807.873528019997   -3.79766281519959
813.580672204456   -3.79594227155783
806.610327433249   -3.79804526712
826.208089735198   -3.79609335012249
813.022647064117   -3.79949820679718
809.1343694917   -3.79573208883872
819.68175514667   -3.79723318478365
815.476682994661   -3.79709985493788
821.548001387353   -3.79621711750549
812.953393747282   -3.79652618810881
810.939994944958   -3.79549750977049
823.313427618781   -3.79729000056777
805.176236927297   -3.7976465332481
820.693763373775   -3.79669332642673
811.752444211834   -3.79805505156851
815.25927845617   -3.79704565042718
794.330637652338   -3.79721009412321
806.954599557524   -3.79732433863394
810.779783367033   -3.79646133450281
814.563907687178   -3.79709863949749
808.982986357996   -3.79750184115902
813.591177926645   -3.79650501672309
802.830916509073   -3.79801977986344
807.857677405027   -3.79613931829725
811.63708747448   -3.7981415116207
801.235745616595   -3.79676868463193
813.909097051336   -3.79806896917295
816.071288021473   -3.79730989153592
809.425593978373   -3.79749500291641
803.374346477925   -3.7984633089422
804.528486714898   -3.79849887343093
821.321554792533   -3.79825010089306
799.44408276191   -3.79777591787499
816.147184982185   -3.79915772326005
805.450495198811   -3.79562668250131
806.348638119913   -3.79718214085307
806.199758170595   -3.79689496904246
808.918157415036   -3.7982170134903
793.302454376084   -3.79882754745842
806.349498268175   -3.79750767460987
806.619267215386   -3.79902623303233
803.42466383659   -3.79761080926719
793.720661448009   -3.79841559490425
812.42674048287   -3.79652335985524
802.176851147318   -3.79948099309596
799.793881303808   -3.7972846834541
803.596629459875   -3.79961370229829
802.52812666978   -3.79921532449458
806.919790980234   -3.79926695968356
798.455183272898   -3.7985344850842
798.401033587442   -3.79771813702446
793.701058328958   -3.79836067269486
810.769193389481   -3.79871680150897
796.947312437417   -3.79928641267344
809.990727615777   -3.7983634215992
800.650290604628   -3.79929934114847
793.319159928228   -3.79808395618022
793.382647074589   -3.79729301991907
803.572798509003   -3.7987916006508
786.929433369937   -3.79793669835726
802.570410337665   -3.798238470797
798.057177923052   -3.79924731176283
798.057177923052   -3.79924731176287
803.101763686783   -3.79768643684781
801.234838593968   -3.79960378913686
787.573779188957   -3.80065891695148
807.371706614035   -3.79921916303839
807.255331826083   -3.79858563471654
794.743065608236   -3.79856110961552
805.051539900035   -3.79824266412806
805.241637147526   -3.80010839419056
792.601016460524   -3.79896746040227
812.033987838261   -3.79867848745021
801.249211960973   -3.79983084774299
797.252089003666   -3.80027552818389
791.030887561121   -3.79787237004468
808.461505962057   -3.7982281170023
800.561342731942   -3.79913446732107
797.450815352993   -3.7983819300314
799.164063916317   -3.79869813934794
794.749427810581   -3.7992241165445
810.531906567881   -3.79957801790013
806.577529542837   -3.79784885049805
800.66689460765   -3.79949375769312
795.286959411247   -3.79752435664284
793.607291673131   -3.79768560232011
800.651737821848   -3.79849711810131
802.490397712065   -3.79617519375805
792.576431725724   -3.79838913654891
787.169063901255   -3.79891050647205
814.509153040746   -3.7971024397602
792.975191491351   -3.79809548295172
800.469239988155   -3.79853664790254
791.785717325834   -3.79906323749955
800.34828929257   -3.79832002711171
791.138857051284   -3.79937928416065
803.932673275967   -3.7990962312435
808.79917252492   -3.79828096873228
798.992214900827   -3.79956355492123
794.129328878888   -3.79841654518501
801.125938938338   -3.79799154231142
799.085818649916   -3.79917256136914
810.96760197645   -3.79842771359023
800.604603487333   -3.79907829566451
800.037215806739   -3.79819198561716
796.799425920306   -3.79962545723144
803.762351348492   -3.79754645104904
798.949372684252   -3.79903072860729
803.433430766273   -3.79878195523746
805.781407952514   -3.79957182950068
807.060145347078   -3.79950465174802
803.009816685736   -3.79842256246361
793.213394674431   -3.79897414068958
806.633088617207   -3.79876541382661
796.318877110095   -3.79997023600737
807.048672904236   -3.79917986915549
797.25559523111   -3.79965805480048
800.865499347137   -3.79826787047721
801.142301769843   -3.79930424263098
800.718636580676   -3.7976577642324
796.806737630126   -3.79996031268287
797.785194643489   -3.80030143249875
801.09020314382   -3.79844273206057
791.83017467606   -3.79718484107899
795.029784651613   -3.79821878346698
789.817353236879   -3.79889635921899
807.18315428518   -3.7989229038511
796.621764970246   -3.79784307026811
800.408742897891   -3.79891275120524
795.917383379098   -3.79856948330636
802.639787039928   -3.79781210179187
794.969940284177   -3.79867987069308
802.697431539923   -3.79875593280357
796.779654524034   -3.79918882086057
802.633370414042   -3.79951572864663
798.733171347904   -3.79983948138126
803.789478301634   -3.79855628241601
780.768409323036   -3.79944954119234
811.259404642265   -3.79799434544683
795.254289739676   -3.79984633594513
793.035104503816   -3.79777860391939
798.161166720481   -3.79687825196953
799.595318829292   -3.79927809809078
798.228376978495   -3.79900331313049
794.931778730808   -3.79720924185527
798.880664413592   -3.79893525379781
812.5638479868   -3.7973377138743
793.910700521246   -3.79813601902994
793.851316726116   -3.79715348781151
792.655601144971   -3.79864626011801
800.032304955073   -3.79824941226802
795.426337992552   -3.79777718104857
798.824604477986   -3.79970995266196
797.822639262128   -3.79884570750537
799.419616941902   -3.79872976546957
798.734196879763   -3.79812209955184
797.315130339967   -3.80100328418837
804.515376187954   -3.79903001663673
799.347192919423   -3.79728550980911
799.354616209873   -3.79935260951347
806.638166316975   -3.79869295895893
793.398997333414   -3.79916252010346
812.292620538093   -3.79902485071234
812.292620538092   -3.79902485071231
801.915755115608   -3.79898494294266
789.330621736079   -3.79902127102989
800.951116250631   -3.79859922889307
789.121399060238   -3.79887864177729
806.744694213814   -3.79877371243232
793.923384230991   -3.79991859622139
805.755235677578   -3.79887252042783
804.789675609978   -3.79840215818424
802.203471005615   -3.79881104999338
805.378430876153   -3.79892335030887
794.598342453074   -3.79925806096207
802.849054402505   -3.79906410381365
797.950032427493   -3.79767104398422
804.733898988459   -3.79934790988486
810.352166822389   -3.79888581757605
810.167083441188   -3.79827103917108
793.591424649077   -3.79815744047371
803.983435572623   -3.79888102112957
814.11164375511   -3.80074593963957
798.325098281011   -3.7987528415945
808.265430769019   -3.79778227333886
802.092820802023   -3.79923889186027
807.515838397724   -3.79787679727587
794.257623973892   -3.79834096266702
801.957610230189   -3.79937909963861
788.8069324028   -3.79874484766303
792.605628419964   -3.79904592451637
797.619973810909   -3.79809655646362
810.422953549299   -3.79818789553589
805.339445141428   -3.79919072507968
799.189939102543   -3.79973446455856
798.482163966462   -3.79959169071024
799.555511334946   -3.79876134043229
801.897237045283   -3.79816971775614
793.021080268715   -3.79868397774387
807.529247657161   -3.79892337526523
802.262842946669   -3.79925843707474
802.559394236236   -3.80020041963047
808.10773607386   -3.79854192943429
802.344720209407   -3.79806481927961
794.967484939296   -3.79966022053379
785.074802739618   -3.79845884476779
791.380895008448   -3.79881852690497
787.143437910338   -3.79762525128103
798.994414776838   -3.79936991314249
794.498310327461   -3.79854301533275
797.062297506306   -3.79908271816555
797.187612127932   -3.79820468217652
794.596659530406   -3.79929045412313
807.086385240619   -3.80014280342481
803.207664285188   -3.79784615286169
793.121447053575   -3.79832286639807
800.626597132581   -3.79875957409739
800.663122498867   -3.79896379189988
799.796583358896   -3.79953030345276
804.625731109812   -3.79921857850672
777.442232854645   -3.79837935430611
807.051845221624   -3.79821008976377
802.20225050016   -3.7995162328315
793.597812533769   -3.79992449736747
797.523610063793   -3.79854774740127
787.463600134425   -3.7984961676609
791.360715038777   -3.79877585164318
798.294729608087   -3.79834665861136
794.391037913223   -3.79893148447773
797.720496448543   -3.79979497423944
795.941788810895   -3.79908869641303
796.886071911022   -3.79963689145971
803.805859254266   -3.79920778172124
801.325471730033   -3.79882722342639
807.739036898396   -3.79882257202388
799.012507629256   -3.79884779979316
796.485288404409   -3.79722573738659
785.503963460395   -3.7981479767723
789.688719119733   -3.79756891797649
803.723684369193   -3.79797069488931
801.901648491346   -3.79950422447938
801.845116391953   -3.79829379301323
795.178318166655   -3.79853146016177
806.228408150875   -3.80000579525291
804.249780558509   -3.79848671260699
807.378141324229   -3.79970011546949
806.629011263252   -3.79700219536118
807.378889784983   -3.79910580638058
801.966608948334   -3.7994669389426
794.049097409147   -3.79918536013166
794.114153238852   -3.79760000752611
798.2330817587   -3.79768560833626
803.112900284269   -3.80002221392319
800.831312614883   -3.79860734790769
800.906153673662   -3.79905235848775
798.1384015073   -3.79847412959723
791.243368706406   -3.79935019681477
796.603051484812   -3.79840190446119
797.893342389408   -3.79836687523599
792.72780272278   -3.80016513335506
798.093736132819   -3.79820463796643
792.42713395981   -3.79883934534472
806.184726228146   -3.79895499892917
797.708644523377   -3.79962346340426
