# Fix print output for fix 5
699.999999999998   -3.92730820115311
672.844551807156   -3.83208124352772
704.463627807727   -3.82463190655335
699.396122267233   -3.82709255003064
703.251233822711   -3.82756264824418
705.486851068801   -3.8277402716609
703.938004129546   -3.82783051950202
702.14017828233   -3.83031822599249
707.03579449073   -3.83037974313213
702.699910036098   -3.83036688074143
702.683406730096   -3.83237087137021
698.222240969068   -3.83197419321517
705.31230720285   -3.83333200079831
700.008482978362   -3.8345776140467
706.757662397782   -3.8344728199988
704.770827360569   -3.83525724590699
708.286418920316   -3.83584000101349
703.810276145263   -3.83760426773181
700.489887554099   -3.83870236254673
704.79197302505   -3.83874199312053
703.720912464787   -3.84014390737853
699.887657868204   -3.84141620237865
714.46495101771   -3.84402029688839
698.615070825343   -3.84554703322142
708.777012526076   -3.84500482661733
712.396881904509   -3.84856374025535
704.874086837356   -3.84856829849421
702.910935845544   -3.84720030337513
708.807846344342   -3.84880429476933
706.435680857507   -3.84779642555798
708.644966706813   -3.84936758834592
712.263998174465   -3.84821082138703
708.504074695439   -3.84919896357283
706.28506493982   -3.84918019940333
705.455808763428   -3.84947450525947
701.883847546893   -3.8493813503724
715.617979598962   -3.84909141347594
705.123270219616   -3.84874144357225
710.580972812529   -3.85039108614194
705.331199627042   -3.8486531009568
710.251671771805   -3.8494562402651
705.180316914065   -3.84956640915994
705.935502550556   -3.84967207907123
708.850809341253   -3.84963568867591
713.047696449279   -3.84958796409124
713.3879665159   -3.84987697465008
709.970425257742   -3.84888800222828
709.084402489825   -3.84903978626573
711.71678932068   -3.84956608359933
704.755894555681   -3.84867042832414
708.485549779533   -3.84947925911378
715.834178985364   -3.84949555613373
718.734972594709   -3.84935787309714
714.7391598037   -3.84900497360258
714.015181536934   -3.85054542808901
713.398632885102   -3.8495135550341
718.668347117846   -3.85013633705539
712.10714064401   -3.84859063405914
716.568117767087   -3.84772482538947
713.496739761889   -3.84922028590108
718.744255840609   -3.84917027916516
717.530523497054   -3.84863591303511
711.702153724449   -3.84801746954867
711.281449725259   -3.84955888597334
712.216754336792   -3.84839855057529
716.771880070484   -3.84946734952514
714.738943074601   -3.84932926961673
710.585808806274   -3.84945578954043
716.865422737653   -3.84830759767567
711.025938098147   -3.84954453432469
719.58897777004   -3.84878780231788
714.363706156386   -3.84808029859269
719.619699849545   -3.84920768865604
718.680657140851   -3.84836222834887
725.374499719472   -3.84936620679832
720.604295661474   -3.84815283125853
726.625074623102   -3.84844488949775
719.583956173248   -3.84876175203915
722.351726819327   -3.84861229127811
720.640121021352   -3.84852105744837
722.646543400572   -3.84828729472133
718.474907443625   -3.8486452390496
723.267998412966   -3.84891313682458
728.265970068921   -3.84762398027515
725.131638766267   -3.84730784924561
723.03255483349   -3.84824314231258
718.796831499041   -3.84929207185867
724.050920516513   -3.84763696024727
718.473982135668   -3.84859089687241
723.069340272505   -3.84737214583036
723.870139446312   -3.84773789461529
716.248519367597   -3.84761321844319
722.019882603474   -3.84694433591207
721.897130971839   -3.84791507045773
722.455307298327   -3.84721032701763
723.724039677848   -3.84752628166836
728.009236716788   -3.84827376727844
724.437896390165   -3.84663304550626
723.77618940716   -3.84816070489996
718.864298102992   -3.8474288467419
725.160911236563   -3.84836794055225
728.531206500014   -3.84743856471538
722.270802937229   -3.84654587155256
730.468536630955   -3.8481472688984
726.374313288615   -3.84704984663012
729.196156029986   -3.84740939655106
728.924299548007   -3.84839099218257
733.366025186197   -3.84743966057611
725.798319215618   -3.84767243592235
731.84412117194   -3.84766880385112
729.907563799438   -3.84689599187698
719.194754330572   -3.8471297458892
732.210833254775   -3.84763816434182
730.881223085044   -3.84645690439218
723.998532231759   -3.84663926090413
725.578392101609   -3.84787714889893
736.358166268874   -3.84636587770976
732.775003365011   -3.84687749527247
737.833317259511   -3.84641002466979
723.773659128544   -3.84677197932332
729.534350253042   -3.84637749207132
730.653906701448   -3.84668707232486
731.283913020037   -3.84720412962263
730.416157213424   -3.84600884529304
729.786002140784   -3.84588231109367
733.7429367716   -3.84676598365298
733.282624932042   -3.846418811392
724.479302054803   -3.84697764682756
724.434785745825   -3.84676166961447
735.10479837216   -3.84701006833125
725.694882683639   -3.84524577980513
733.766606933301   -3.84661063742169
730.954082095293   -3.8465983643996
737.70750667399   -3.84626806145734
732.038234426001   -3.84657203628327
728.146623539023   -3.84729631255312
735.136473428925   -3.84648223215366
730.678297537656   -3.84615119476659
730.585721219624   -3.84504010068553
726.803579679014   -3.84599788217776
726.813229018867   -3.84652337812405
738.827153289464   -3.84697216255788
740.997520712753   -3.84581317701977
731.520614455124   -3.84701580168286
735.63799195448   -3.84578858468118
730.783602483615   -3.84701818073352
740.349211851952   -3.84597348347056
736.697294475037   -3.84572682231575
736.660382684239   -3.84588607536207
728.946275122229   -3.84620505286156
726.225761517954   -3.84568568359708
744.18467841112   -3.84562712267999
739.402632728893   -3.84518811338159
735.16578756777   -3.84539652173344
746.094406954603   -3.84628529196227
738.898636773972   -3.84505679290827
739.915463761359   -3.84589539495235
744.608503451144   -3.84460842640204
743.36876834576   -3.84438630002178
740.026712946695   -3.84491648219173
742.306172996974   -3.84656840794458
743.113410927778   -3.84504429272477
736.260743505272   -3.84416864675452
739.312425766102   -3.84583675345044
739.0565494288   -3.8454252936525
743.477931166665   -3.84412167155192
745.497069835951   -3.84549386255374
742.022420793773   -3.84459459021847
738.057160200132   -3.84488726361738
749.768168274012   -3.84491318772223
743.83370620152   -3.84524062845781
737.663907775265   -3.84538518658414
731.833588244197   -3.84380245589533
748.381991169495   -3.84537116671717
743.504829428723   -3.84526187429095
748.236192016675   -3.84516473486556
745.994520782588   -3.8445559578353
745.844692351384   -3.84411754018459
738.62243880608   -3.8440833132852
742.260473033504   -3.84423281091146
751.297553717811   -3.84479151581966
746.562954366782   -3.84593436895482
750.31949779088   -3.84354480726039
741.721180673119   -3.84403911306175
746.6420324831   -3.84337335130019
749.989917040814   -3.84478053382555
744.444491240117   -3.84383545731726
757.129825664057   -3.84437788839111
744.104463709951   -3.84406676728716
749.513329028526   -3.84439535976537
743.311301823051   -3.84416468380776
743.084458289095   -3.84291273288454
750.883398916928   -3.84349298127548
750.054629238149   -3.84451618470105
753.803589353762   -3.84321069385753
756.793643892682   -3.84398377007545
751.462881381846   -3.84409100976203
753.013030594966   -3.84462681046189
751.444028556006   -3.84228819527669
751.242637095359   -3.84355315559226
751.108983870891   -3.84355432689591
751.108983870893   -3.84355432689581
742.937624915141   -3.84352358707881
756.049303631458   -3.84330172521581
747.413586421895   -3.84475045366303
749.917357418165   -3.84297742906838
751.537954940992   -3.84252520514309
747.998242851355   -3.84426730613339
750.054735584184   -3.84364458336329
751.975893828054   -3.84222093179185
750.954513947801   -3.84316102187132
748.83066693913   -3.84303621147081
756.915175463952   -3.84419736934995
750.824190621229   -3.84377652194527
749.437867391969   -3.84396809039503
749.275646359951   -3.84438940983341
751.345813426333   -3.84402587187492
749.992719332667   -3.84239594761618
744.432054889989   -3.84399427780342
747.411441029703   -3.84230923432132
743.310735067705   -3.84453022826142
747.334832031027   -3.84455584765975
746.473302563926   -3.84273659402509
749.738495821639   -3.84470864870736
758.861901609263   -3.84463841887252
746.175637229188   -3.84412669638187
749.372255454151   -3.8441915980437
751.424444982934   -3.84299292829834
748.357433407297   -3.84373543847368
749.667219017046   -3.84262347076408
750.314327656145   -3.84398276849153
747.029830440198   -3.84432172579241
759.666442103818   -3.84343793475621
751.702433010632   -3.84344268442929
752.974689508974   -3.84392242437954
756.929640008291   -3.8445386515803
748.103441237846   -3.84357600183826
750.818334111769   -3.8428670854328
750.695913874772   -3.84365181442336
750.886702801224   -3.84323756377347
749.523082832052   -3.84479237159097
748.808188361647   -3.84438698211796
747.245938141427   -3.84306201397301
756.146692703834   -3.84520034448568
750.10427810607   -3.84351422862179
746.984592464166   -3.84392115941784
755.688080309114   -3.84417380439313
753.01255483904   -3.84441509723074
753.432661161951   -3.84400325267994
753.357569536939   -3.84378937080645
749.306237016748   -3.84198221931854
747.428634800467   -3.84334297281749
747.502185524379   -3.84379100261875
744.698653411122   -3.84401139206739
745.239629721196   -3.84292346228018
750.831303136901   -3.84311444235321
750.097297730643   -3.84422220184396
756.067263293019   -3.84325990413202
746.867701999689   -3.84307388589132
744.415967727796   -3.84246961340533
744.525495070266   -3.84350390735467
752.957051862832   -3.84336634774972
751.140035701963   -3.84342253633709
757.266360311601   -3.84433526372821
753.371760383427   -3.84332735427851
746.034869557623   -3.84375604644799
746.078131598932   -3.84402880738255
753.210564164607   -3.8434619745255
750.226872715356   -3.84364908505022
753.265209955384   -3.84289722202748
749.861928790577   -3.84382864984828
755.741425887251   -3.84443602459738
750.409017246447   -3.8431101606269
751.245010182884   -3.84313189449511
753.794253218914   -3.84477003445078
748.896871686982   -3.84384408407854
748.82190753159   -3.84392433728148
750.797771673808   -3.84320809348046
750.855913506162   -3.84358253004431
754.201081624942   -3.84410118523422
747.934617348312   -3.84345981174862
740.07123947089   -3.84331536232949
746.162214662716   -3.84277852086425
753.064772649763   -3.84388169966634
752.079889339944   -3.84477254720288
753.261414952207   -3.84402234777231
747.891811322334   -3.84367882204922
750.17135254848   -3.84365818614403
756.266899962909   -3.84299634366764
755.774111944059   -3.84401915535045
744.337475621636   -3.84408407032561
753.693230303859   -3.84376696210172
749.038058953716   -3.84358650465788
751.012457882897   -3.84369753851086
748.184444464776   -3.84354535613307
756.660590038139   -3.84309834347141
747.830768767575   -3.84444242843706
743.395041568467   -3.84464706193476
749.975594548221   -3.84402462477472
753.639178827957   -3.84297486428082
749.381177645704   -3.84321857210022
743.034609509036   -3.84387589385777
743.034609509038   -3.84387589385769
752.313073665678   -3.84264006835364
747.502199775186   -3.84408493086264
756.892817470151   -3.84488267997928
748.605242828335   -3.84312628776573
745.709533422384   -3.84303713755211
751.434154953209   -3.84470316632531
748.514803867981   -3.84481942004246
741.459437373328   -3.84301557766161
746.773950560493   -3.84436936545245
746.821390366645   -3.8444508550131
751.885924547736   -3.84312487539354
745.462709961197   -3.84451862328883
748.981107762582   -3.84326773820033
747.881168330491   -3.8442505274749
747.510400002048   -3.84391684708584
752.0918018205   -3.84354159369741
744.83417772617   -3.84415306378086
751.880484979935   -3.84284960388815
755.434476752696   -3.84412533061565
746.567911308584   -3.84371849897614
750.27046812115   -3.84458034524142
752.24664545532   -3.84318699001658
747.514731259944   -3.84336513619191
753.702145289168   -3.84424842236778
754.74954592866   -3.8433373898934
752.456136892723   -3.84330063901861
750.984720433127   -3.8429836512733
743.170576254512   -3.84376253247584
758.991863581753   -3.84373982386159
746.020983315197   -3.84319769414691
755.628200343385   -3.84273590146483
754.056544020047   -3.84345571742496
752.883536088266   -3.84359646870331
752.609639872124   -3.84393511281258
753.153808081407   -3.84283590162773
747.938004686255   -3.84411258497322
752.397016769383   -3.84431497912706
748.881050340761   -3.84462089835903
751.466116914001   -3.84342736791104
751.481873239343   -3.84395722849856
752.558259320446   -3.84245434553221
751.270388487387   -3.84341677714437
749.464348298274   -3.84451348034576
752.446885003317   -3.84344784404536
753.569924143732   -3.84452153089237
753.546733820298   -3.84377677514367
754.247871875553   -3.84381969498444
753.512778596148   -3.84389104705802
754.81800515393   -3.84450595673866
747.27542470708   -3.84379066508764
746.178934379947   -3.84455492292121
752.818875237356   -3.84400450071086
745.19590171803   -3.84387859937097
756.759124744754   -3.84407639880164
749.646330873597   -3.84349453836678
745.953766889804   -3.84403951437565
743.182112575425   -3.84344784334926
749.119046563501   -3.8430257716059
753.420255726636   -3.8440375011709
747.120002024875   -3.84350296406121
748.084481354485   -3.84440213111116
752.177470421734   -3.84388203305807
742.849826428137   -3.84325548388924
750.429908004446   -3.84363851646608
750.030508955147   -3.84346972991594
750.646216275819   -3.84352693817676
742.944143988133   -3.843282202501
758.134214606111   -3.84432904153374
747.586420127072   -3.84272469501305
754.230275658962   -3.84392115701063
748.201954054784   -3.84332684702996
743.734387572842   -3.84424477109329
752.956071700109   -3.84397359586158
755.727312460337   -3.84302620890058
747.409299231541   -3.84401522528097
746.2405746096   -3.84301984511571
748.263096691785   -3.84331346657797
749.752033085535   -3.84317598610566
748.523889053447   -3.84484771512034
747.28357561621   -3.84387533538118
754.29373967527   -3.8435562503291
751.751960577231   -3.84279087866768
748.048176673127   -3.84430507338302
748.483788767855   -3.84435695763791
750.086997386072   -3.84360323870736
752.823863367944   -3.8427806538198
750.252153358418   -3.8440610154865
753.62200100188   -3.8427816959779
748.462720439645   -3.84399179152083
749.374122229391   -3.84480207815249
756.041840127008   -3.84404612885511
744.070815728818   -3.84368422328807
747.129332703481   -3.84324593831698
746.026229862735   -3.84341568630655
746.279994004815   -3.84418350922604
748.949352135204   -3.84336346424307
750.929379689128   -3.8432159411134
747.886146733236   -3.84366557552234
747.387124982589   -3.84316060596573
745.370665553043   -3.84369569193817
745.370665553042   -3.84369569193809
746.197869372093   -3.84350393460089
744.036076970278   -3.84336342788962
748.238996858928   -3.8429838588391
748.805980168471   -3.84454372432217
760.279221538033   -3.84412397723086
752.821899953721   -3.8434972417296
757.181004813752   -3.84298962980275
746.158119670505   -3.84367404805389
754.492125492203   -3.84326427490578
752.859083953857   -3.84359324131161
753.439969894806   -3.8434924045793
750.015544986306   -3.84374542636579
746.882571692455   -3.84356959538939
759.156955072325   -3.84392966856282
758.57537483321   -3.84293085563778
749.65757125826   -3.84322752173473
758.357689132048   -3.84336061491706
754.886527715364   -3.84312214304599
750.430831126145   -3.84241778446299
753.501143074503   -3.84214523040246
756.236189571818   -3.84434684877016
758.666189289418   -3.84288263236603
749.298684480291   -3.84278980977762
753.479960015212   -3.84372741050468
748.838349927196   -3.84340941890501
753.95574064492   -3.84215045354076
751.599720807611   -3.84365161454017
760.509391844732   -3.84319986756267
751.873545175097   -3.84305512917221
757.419459474948   -3.84217099050006
751.059176699463   -3.84210099628334
755.038620353155   -3.84245695533785
764.004961387942   -3.8431382660403
756.563529903164   -3.84289330551769
756.706440146378   -3.84315101388955
754.120542250404   -3.84169853219025
765.227627070669   -3.84258629085834
755.177247852439   -3.84215079846574
760.23977304719   -3.84276425555941
757.47198707037   -3.84367310216923
757.964843335227   -3.842102504057
762.018162860263   -3.84140311270319
753.943996711133   -3.84279718132907
758.327634329947   -3.84242392711469
763.678278580237   -3.84153223258732
752.73830678878   -3.8406116697014
758.033321188534   -3.84253965188528
763.108622905685   -3.84216853694927
761.218317105114   -3.84214740301109
755.558088508511   -3.84193834356901
768.253877744304   -3.84162837429261
757.990166266831   -3.84220304631825
759.910776939676   -3.84087602309418
760.357867844141   -3.84071677741852
766.969160140491   -3.84087343725604
769.76105279531   -3.84095609565086
766.240511374647   -3.8417755721803
766.523679857408   -3.84215150521658
763.021908574917   -3.84101029162614
769.315504380879   -3.840803837324
764.529414537764   -3.8413685176753
761.392891158982   -3.84023310094908
760.346876930376   -3.8412137744562
770.22687421584   -3.84110680885515
771.145208980061   -3.84150080427403
765.159894119839   -3.84259579691899
761.029318696624   -3.84234316570093
763.127114946203   -3.84020634394466
766.194852950673   -3.84181778293698
770.152515196111   -3.84141064717383
772.606929543767   -3.84146003240668
764.631633693759   -3.84077843336295
775.640452933049   -3.83997101562382
770.334757393593   -3.84229346697765
767.418351550631   -3.84155308442223
772.999244261083   -3.84055938662458
770.698549315774   -3.84111129997473
766.086507447324   -3.84135752498738
772.763262076832   -3.84038213737351
769.202700976464   -3.84001175287483
764.156978948952   -3.84058701038292
773.413449522096   -3.84078744451441
776.68075502474   -3.84090507763155
770.257022271869   -3.84177867645686
771.355241138989   -3.84085930683698
781.625214599864   -3.83945877589663
771.845852981267   -3.83997198772368
766.927325496823   -3.84104989037639
767.233340536243   -3.84029399440899
777.787236455148   -3.83985200427855
775.767969364914   -3.84108029491228
780.222018324216   -3.84029937498726
774.796038770196   -3.83908972781768
773.801220066316   -3.83972310780063
770.870862917597   -3.84037213418615
770.234606619084   -3.84016016057357
777.833988243113   -3.83959990880143
777.961237644441   -3.84010385592621
775.991877692009   -3.8402844271622
775.187771888062   -3.83905846258231
775.451288206333   -3.8385842758195
766.970370668523   -3.83982682228855
786.455766348709   -3.83946903142977
779.161358477708   -3.8397674928253
771.062437724082   -3.83997480070739
767.703077907641   -3.83989799996419
780.919454253009   -3.83881744452522
786.274888590909   -3.83981600094418
778.912948818917   -3.84010053173842
775.325469780105   -3.8402052267966
779.679853436011   -3.83882068249959
782.594411573479   -3.83915249429758
778.262736810875   -3.83948221956096
773.274095729246   -3.83941367608755
771.923476921633   -3.83903146783429
781.49751222117   -3.8388985644884
776.630016204559   -3.8394030328582
776.231805703116   -3.83843600045733
778.77528202108   -3.83845521755876
783.760494391522   -3.83885627597001
784.760020705603   -3.83868707287108
773.275210271221   -3.83849090061741
788.525252045041   -3.8397199506962
777.091141213074   -3.83890747648666
780.713183812054   -3.83852719942937
781.605557754068   -3.83804720157041
778.322039815466   -3.83936046921874
783.90409687344   -3.83884479012526
780.504854925499   -3.83714891719605
783.190975291733   -3.83927655544507
774.638186136039   -3.83862718640812
789.280016447557   -3.83895373245288
786.766339970774   -3.83877697105608
781.93146036648   -3.84039275956051
778.178194670442   -3.83885630213075
778.377815629354   -3.83821786952844
786.003706046304   -3.83839092965563
781.218635345662   -3.83872941504272
780.856785718276   -3.83921450000366
788.195454746932   -3.83810474907897
785.943076028361   -3.8387607807154
786.971525514064   -3.83831660058793
789.13479786886   -3.83796888200748
778.573539494375   -3.83700364532887
784.22816709097   -3.83688041589887
781.821147232465   -3.83846816153606
783.326145124621   -3.83762070602829
785.093386084426   -3.83658485626488
792.75086415755   -3.83750696334238
781.558395680055   -3.83766279508384
789.403293745607   -3.83643190926743
787.086306287134   -3.83767265614791
787.14567041757   -3.83926776904205
801.487297467192   -3.8382759814374
790.935785011964   -3.83802888045103
783.455725502169   -3.83754821202402
798.548554975722   -3.8379882517155
790.950491075011   -3.83764528982411
794.204623375401   -3.83755227431609
787.545221337297   -3.83880321252043
788.739944161838   -3.83703799605589
784.768409994687   -3.83681863477649
790.417666002102   -3.83681928656163
787.024304007096   -3.83686030688854
788.178364458299   -3.83827717522972
796.594528210829   -3.83789649913814
794.220598087269   -3.8377281709017
793.856681126551   -3.83732431173678
781.34166541052   -3.83648199009856
785.642884914323   -3.83774913513318
787.676225236701   -3.83644458656873
788.913881112377   -3.83587072573154
788.754881469184   -3.836315959169
796.123094648049   -3.83725876992032
793.428108642262   -3.83739864335999
801.920450275136   -3.8373317856485
794.558494781509   -3.83721240514308
794.299250201431   -3.83648144734772
785.492595452424   -3.83615802586046
788.592878524413   -3.83514224144235
796.753092306587   -3.83586477383739
797.194779555715   -3.8358545147238
794.990305575492   -3.83649058975675
793.1010558471   -3.83598173347855
803.795891528725   -3.83694195410742
791.255637121572   -3.83599491025765
801.726565236969   -3.8360537965874
793.243157044542   -3.83617819369217
790.165842590086   -3.83565997358451
792.333989433518   -3.83609147218693
797.785113086595   -3.83752946680311
799.430965932476   -3.83592643775101
790.843732890238   -3.83530877693646
797.340964001072   -3.83567651754842
802.234111365594   -3.83606933977577
806.407697081727   -3.83623715927411
794.673419004063   -3.83595226947451
797.712312516154   -3.83545030527637
806.094829242879   -3.83553949841453
798.788246111178   -3.83685859573871
798.788246111178   -3.83685859573874
803.835792580893   -3.83522830855197
799.168041177073   -3.83604820560278
797.612736446375   -3.83607155329627
796.127843398412   -3.83589589497489
807.182054262766   -3.83497124804321
790.738426669436   -3.83607167085109
797.506798351779   -3.83616331278847
797.876645618554   -3.83603496930911
803.839974409011   -3.83655080033753
805.525039864177   -3.8356560293175
797.315076732645   -3.83527613758155
807.920090460024   -3.83695438063634
801.746702462156   -3.83594801536693
802.679127298031   -3.83638705841863
800.132165643632   -3.83494965007494
796.604427729571   -3.83581653692005
796.504644930071   -3.83457712497549
795.774519964797   -3.83501413508917
790.512183369383   -3.83562129555792
796.963345730352   -3.83592362386088
800.651175897811   -3.83646090066363
787.89701700762   -3.83508035777316
795.858977811746   -3.83553922439099
794.550376034315   -3.8354721526664
800.528760219843   -3.83533806239421
804.489745154961   -3.83579455812859
796.857222045007   -3.83514824150406
809.104929796098   -3.83627543433606
800.932296920335   -3.83533561707396
793.728097618831   -3.83591507701939
807.213675778107   -3.83598500506413
807.262748371733   -3.83575533352675
796.120428747869   -3.83559238570608
800.712453744009   -3.83601139821846
807.808862906063   -3.83574129205672
797.145642777646   -3.83643867771793
800.593318815472   -3.83460171075119
797.177328949212   -3.83517998843754
803.505070801016   -3.83625314146809
804.332826050326   -3.8345240409703
798.892875240681   -3.83589721684581
798.377287968083   -3.83449039483718
801.403151558837   -3.83743568095591
809.850568549412   -3.8358972700655
798.558927272943   -3.83586378862329
801.821591227797   -3.83590367710894
793.84413156465   -3.83591022602168
796.790724577031   -3.83585291536588
806.810054977908   -3.83565505903519
802.055659950859   -3.83553946394154
801.813297627778   -3.83610928873512
799.593368492678   -3.83572337087173
801.791481756309   -3.8354212962704
807.469885233173   -3.83668190390457
800.607671037269   -3.83576993381749
798.927610028015   -3.83681223897631
802.725067992861   -3.83640510385417
799.781025781128   -3.83578482469816
803.835052490923   -3.83593462830642
798.116599904026   -3.83410350626763
805.29032158993   -3.83534131467036
810.170631917195   -3.83671158744089
803.273543096208   -3.83553697874681
796.247747755579   -3.83608743876268
801.435908020729   -3.8348700378199
793.867766927769   -3.83555975370764
802.417583763966   -3.83675591495999
804.839468805924   -3.83436583365306
796.485044887119   -3.83626276046266
808.705245574551   -3.83583881252312
796.754294026453   -3.83619024241301
805.81511130676   -3.83655098888913
800.858782892612   -3.83578442933465
801.670753754364   -3.83546365516473
798.474600834513   -3.83630138773564
800.447952497744   -3.83633011291806
805.078462101072   -3.83649397017617
801.531887374598   -3.83562999704325
795.772688046303   -3.83575395674783
802.302677675066   -3.83593508515816
799.631075471667   -3.83431974922924
790.515631576895   -3.83497705881605
796.956731595603   -3.83575033309096
803.590406238889   -3.83489922672698
809.302477026107   -3.8349935210908
803.538147016351   -3.83541710094692
799.100557583547   -3.83534011509117
800.66692189007   -3.83565309746884
802.492675610115   -3.83548187977999
796.220911380148   -3.83559402306642
795.823339576307   -3.83654069271418
797.783418771403   -3.8347140231629
799.654844946967   -3.83592738069685
796.102393172   -3.8360627803679
803.340813640514   -3.83682781819557
805.416136477707   -3.83635703211195
799.949567762042   -3.83690182601806
803.447170924315   -3.83563906265494
795.956467434732   -3.83563660962027
797.238809019851   -3.83632142325595
797.238809019851   -3.83632142325603
797.19681485916   -3.83450408657637
800.785029121541   -3.83641201198906
802.762431419711   -3.83544693691426
798.288037567981   -3.83727465349652
806.65318320482   -3.83610168652791
809.343637656962   -3.83549113437731
797.501463160573   -3.83525565360301
800.577194745986   -3.83534007659738
802.311315002618   -3.83551750836622
804.300385191067   -3.83564096359275
798.386806525084   -3.83541822182528
798.811010471011   -3.83583983732218
796.034506734822   -3.83715655045738
804.507034185531   -3.83494573152523
796.073484960501   -3.83640656038659
805.927705436451   -3.83506731904751
805.690517962525   -3.83639656038031
803.771403877364   -3.83464879542723
798.648112670439   -3.83489640383606
804.049318008856   -3.83542307489024
801.180497617631   -3.83597428506678
797.115557639786   -3.83553160938318
805.13397036144   -3.83631374500364
800.976041092368   -3.83591371485448
804.888312499596   -3.8354512913779
796.920275645465   -3.8361248064488
799.675437062248   -3.83563097809581
800.803751768226   -3.83437423424634
800.757169584819   -3.83593150949408
800.846831654669   -3.83636488424913
797.322882129594   -3.83647826635979
802.03946277447   -3.83584058951271
806.92099733908   -3.83459112089954
799.421535310573   -3.83598083826552
800.643482731176   -3.83565167781072
803.667076154511   -3.83589625895892
790.024706073289   -3.83487109651135
796.428385083789   -3.83551990596354
798.695791556066   -3.83567717201066
792.936268419266   -3.83641918504401
802.551557670386   -3.83619246959956
799.10177057898   -3.8357012804782
801.754841435347   -3.83565844403584
796.193202815844   -3.83593367058645
804.489464086304   -3.83481641745154
795.291458179376   -3.83588786277333
799.320415738452   -3.83578071836706
806.633706563473   -3.83464451912374
802.583229870412   -3.83606492677121
790.851105578396   -3.83623244429084
796.787188975254   -3.8360171083053
801.51991397271   -3.83576399697812
805.939514489987   -3.83558108230329
799.890580097112   -3.83507148999274
796.58514400705   -3.8355809577895
796.307376960937   -3.83522219616285
798.682953338292   -3.83624563297376
797.805226209456   -3.83720124654912
801.024318606913   -3.83610462358265
791.74811978349   -3.83534895754242
806.950197072587   -3.83558160251007
799.213020830569   -3.83574202417733
803.597969299589   -3.83687025837407
804.439728253336   -3.83473209297339
795.500977696803   -3.83598172936761
809.231765199474   -3.83664931309782
800.04513105917   -3.8354978682906
795.707260987815   -3.83561107398794
795.924320788755   -3.83536085822304
806.112667965507   -3.83594170786582
800.056563770966   -3.83510315951678
809.831833726952   -3.83618255907433
793.311160988063   -3.83686331618819
796.839668708111   -3.83644538653285
797.255507234943   -3.83591154744613
800.676430560513   -3.83621454318877
803.357162963105   -3.83528583921997
799.248588435254   -3.83599632398898
795.546929940439   -3.83559323182658
797.944549164982   -3.83508379368012
802.824487249768   -3.83560688328315
799.315502144806   -3.83567792152306
801.38997232711   -3.83459126244476
796.974324990502   -3.8362798012094
811.286007188997   -3.83635034498638
799.986996048143   -3.8350108781268
801.715198943921   -3.83582807301989
796.776931263096   -3.83628700710868
794.986149522659   -3.83596628595601
800.292820746018   -3.8363456120898
799.550006892741   -3.8359700069678
807.590148088601   -3.83598003004004
796.793970852993   -3.83632118318817
793.605467352148   -3.83562739355399
795.417204000255   -3.83444938324362
806.247651473501   -3.83511667044174
803.016848221009   -3.83643951079783
795.871592190617   -3.835826118031
802.715267413657   -3.83585543790564
800.97829476914   -3.83690144708842
800.978294769141   -3.83690144708839
801.67852295454   -3.83534597543413
799.55123476575   -3.83673364276674
802.921303899794   -3.8351381223922
800.673021771939   -3.83645816954782
799.293717887239   -3.83513643829448
807.389684874005   -3.8353680753781
812.137200150109   -3.83574748287534
799.966773329764   -3.83588708131082
804.693705957505   -3.83545018387633
799.517951218802   -3.83517624427027
800.904803114065   -3.83646361753715
801.97407147565   -3.83526227084069
801.715332648257   -3.8365447843172
800.598367528643   -3.83569699883831
795.90717644281   -3.83405110822142
804.427285966582   -3.83486669464728
801.330664430179   -3.83486238206823
801.129679942685   -3.83492883294744
806.732003819665   -3.83447095881447
798.895135199403   -3.83394833411623
801.617309752441   -3.83426685978776
803.521341027038   -3.834681933091
806.31936600899   -3.83396958294529
806.822822556622   -3.83424017464837
811.804097882242   -3.83602606100098
813.142114793576   -3.8343503719552
802.91905895563   -3.83516147624971
810.072504742881   -3.83532104417484
803.019149207902   -3.83491829087536
801.224831542179   -3.83494031317328
816.482430666861   -3.83469532601539
805.62642925659   -3.83521154377322
810.225266344021   -3.83492606148819
816.443803959087   -3.83486403425576
812.072115686246   -3.83524891021738
808.651479903317   -3.83446956300814
814.685768616277   -3.83410329736921
809.409145639087   -3.83396128913558
811.69557304278   -3.83398181325475
809.953677033089   -3.83431293994898
812.402412589854   -3.83419667070965
807.863177443508   -3.83373273159493
811.620491076092   -3.8342284620681
810.379438521826   -3.83413872993471
811.164909532769   -3.83478082594032
817.80472080683   -3.83363957255051
809.947892904959   -3.83386541255846
808.76563884598   -3.83397784954216
822.917327541219   -3.83451976727853
811.945874673943   -3.83419647899795
818.059178752549   -3.83280093208784
813.650584458125   -3.83496085194718
811.947848906325   -3.8334044263452
820.541057541226   -3.83319344541029
811.201758839131   -3.83423986168443
816.24313978216   -3.83401196027719
817.364602663418   -3.83316806319935
811.575871311278   -3.83341596954548
809.604141634299   -3.83292760244238
823.01890218713   -3.83445847959788
806.576108760849   -3.83436866327242
808.52707801104   -3.83468151377246
816.772454763095   -3.83346058654834
817.552574186109   -3.83355431986072
816.761004296347   -3.83283141407286
814.979755968099   -3.833146483321
812.846320590253   -3.8337805351551
816.598257233014   -3.83374720324547
815.818844255596   -3.83244509217735
814.911879443403   -3.83377896975684
813.267903485387   -3.83188403896609
819.294605279831   -3.83338421808565
830.070823379766   -3.83252082705457
817.276547049594   -3.83177373215118
821.200740443345   -3.83328396354109
818.859903823415   -3.83260746984821
821.207604097043   -3.83087942652341
819.055743729683   -3.8314081045095
832.737436813665   -3.83128837184071
825.06337474871   -3.83291899271956
817.984010345177   -3.83337176103076
821.343526304932   -3.831080052421
819.155559495679   -3.83292342293474
826.722532104492   -3.8316244573917
825.938074043647   -3.83260795626875
822.206374932162   -3.83169327919075
821.513987669989   -3.83214040941599
825.968584832117   -3.83197965981006
819.768554121915   -3.83276078371087
822.781626935958   -3.83252407154882
831.776197400958   -3.83228795518369
835.258490720711   -3.83168255668861
820.764087087815   -3.83172780935931
821.425389641316   -3.83209401315029
826.37212940423   -3.83119901133148
826.184957710728   -3.8330451597968
828.500870480269   -3.8324126848845
825.799363046351   -3.83257900319377
821.189681882665   -3.83132874792701
829.45211800484   -3.83189417787066
829.547635141069   -3.83221927149038
820.366428587202   -3.83211027144727
836.688090056301   -3.83181021084128
828.712684717736   -3.83191143278387
831.251265072052   -3.83192172686406
827.393345162183   -3.83145157294186
833.149904551453   -3.83160720768217
831.178182773139   -3.83033443857537
821.684297936169   -3.83121737376733
819.762872499276   -3.83018269361089
829.709116274098   -3.83180209325553
825.377930066417   -3.83242936529999
825.812372763064   -3.83143125272183
827.990832462317   -3.83013832219952
840.452244606056   -3.83149623377491
833.731471645752   -3.83085441106664
824.0510146214   -3.83096236956131
828.936993319611   -3.830896594044
832.36149667456   -3.83223013387273
824.80248433745   -3.83114738835425
827.319723763781   -3.83014846495484
827.683770013662   -3.82938532901628
828.566526297458   -3.82994725556799
826.403897003755   -3.83043437882588
836.806164201703   -3.83021344534214
827.338327378383   -3.83071890184862
831.106066427722   -3.83066996681597
821.182048051292   -3.8306250923353
833.795182472232   -3.83163201594032
834.126713755135   -3.82966314171066
822.35130649386   -3.83023203937517
833.176537846124   -3.83010088431961
835.539444742024   -3.83081459829957
833.094231025828   -3.83039495493356
834.707751677076   -3.83190726425272
834.754621663641   -3.82969629838566
839.917596969417   -3.82953779264918
830.097261394506   -3.82975765769948
837.264848406708   -3.82966529906697
843.137540618597   -3.83036546045888
830.822540794414   -3.82987267022325
836.378191272094   -3.82916160105854
830.520649161281   -3.82986244655011
835.276101709213   -3.82985903838152
834.746238661155   -3.82907693444565
838.767896226042   -3.83052588245842
842.22521926103   -3.82983846762623
835.474980742739   -3.829087142862
834.885979718024   -3.82895849521625
841.72278567389   -3.83043515658083
841.034414068595   -3.82932569113391
833.400153458345   -3.82875897333289
834.993258941655   -3.8291149515803
833.95996598615   -3.82983238964944
844.121612449934   -3.83033277884417
839.222405490017   -3.8290411350617
844.346345772945   -3.82846490694733
839.242408968931   -3.82844013919308
838.482637792876   -3.82959379258895
849.319864631161   -3.82966971744207
837.263330447264   -3.83003789979663
835.450549983933   -3.82860613446543
833.465904238037   -3.82875287694609
838.807744739514   -3.83036122198347
840.330722804265   -3.82935235973146
841.305486009014   -3.82891778741619
843.122255479532   -3.82872584450707
846.698436608201   -3.82975054207082
841.500922964661   -3.82736384441421
839.975914788238   -3.8287734498761
838.386497473565   -3.82987279578142
847.158407096618   -3.82612334263612
835.443179744866   -3.8291043953521
847.054753784479   -3.82810045816101
847.409835091617   -3.82856799399859
845.859710546369   -3.83028068873268
842.871766243738   -3.82840132963201
837.455887073327   -3.82889445776275
851.40998149942   -3.82844615425353
849.746568688779   -3.83008211371145
849.197684932679   -3.82814492287575
846.215889177678   -3.82960433424467
845.542607692068   -3.82801849238637
850.969297562719   -3.82890760211463
843.228009577256   -3.82816416249926
849.954352762578   -3.82864140782727
848.791162304908   -3.82783372049682
853.095256594669   -3.82651286568399
844.108936217939   -3.82823326467101
848.627009806481   -3.82845827383979
845.930219639757   -3.82796122681415
849.316499949473   -3.82843516851007
849.015299485907   -3.82702159939901
849.677880225555   -3.82956867102679
849.592846075892   -3.82702831331637
843.863452985394   -3.82758318307365
856.018636453866   -3.82839919065389
846.519503760204   -3.82759608678765
854.846378801213   -3.82674606713174
857.813397768256   -3.8269593835683
857.813397768256   -3.82695938356833
847.481956386135   -3.82643803639275
848.263848750215   -3.8261738533598
856.17499086537   -3.8270002687452
843.985968201558   -3.82721753606299
852.12843456185   -3.82756082230201
850.111796095549   -3.8271534343685
848.08889957545   -3.82796161884098
844.268277693897   -3.82659737050982
854.094938983513   -3.82722921716319
857.804523064817   -3.82778025743268
851.752221973141   -3.82699508084583
851.24736094501   -3.82704259675361
847.833872836076   -3.82674829652881
846.097230667429   -3.82721409220422
853.52384605867   -3.82749198501151
847.296714586787   -3.82766707154356
859.103636572225   -3.82911884686247
849.62725038649   -3.82673644615413
852.172028136285   -3.82815677470119
856.62309490568   -3.8267175877862
850.192036722225   -3.82714686430771
843.70874615757   -3.82765856110866
849.341128750591   -3.82820560977433
849.935942025538   -3.82844185031331
833.472827476446   -3.8284450480146
849.904347123064   -3.827511847076
847.290570208917   -3.82793648758596
848.825288542422   -3.82772791986848
852.66692170235   -3.82750825693499
851.510020381742   -3.82729414689702
852.079490734133   -3.82695414406506
850.94853023339   -3.82742948829792
853.928660267433   -3.82764548145736
851.896117322835   -3.82651313247665
837.525611682987   -3.8272838648135
840.776592758779   -3.82750339339238
837.954182954092   -3.82758898194087
844.50680065991   -3.82772907990371
849.175057152711   -3.82751422340476
843.126041188344   -3.82801893961663
846.033553639549   -3.82789568329692
848.96190884354   -3.82618301758461
852.27404304469   -3.82750842814689
849.813990685527   -3.82752936401967
849.798804289907   -3.82680401765524
842.41549733928   -3.82835748983233
848.352792647885   -3.82643098258952
851.467526841619   -3.82753143045935
857.471610816867   -3.82770160558423
851.001358739991   -3.82721847453934
849.102149540987   -3.82687306240205
838.077912850104   -3.82732612527258
847.191557864954   -3.8263274624061
846.483155878132   -3.82691393464391
852.084042673482   -3.82787320837088
850.286722117337   -3.82789156007636
855.292329098835   -3.82772872515031
853.43634502397   -3.82855362866387
846.586443413908   -3.82818005336685
850.837846716197   -3.82824814117535
851.243521509301   -3.82723292416949
851.855901146604   -3.8267562380168
845.838346803014   -3.82686752871442
840.52342797493   -3.8273144290513
846.482345906652   -3.8276033376958
851.211880630393   -3.82796555426533
855.98475879983   -3.82632695705475
846.628241217583   -3.82681048242292
846.80426761061   -3.82696511409789
842.324541915691   -3.82697702695073
845.405801874989   -3.82722546788903
846.202915971123   -3.82743562318481
845.664999494505   -3.8261575417991
851.884444106216   -3.82718256028793
854.49279585602   -3.82791154231178
847.74241546068   -3.8283515998794
846.988242273005   -3.82791527868363
852.880718927914   -3.82649478591031
859.528923489752   -3.8275466555776
841.577228568676   -3.82694370615879
855.41149270917   -3.8279097249798
843.678667250238   -3.82560101066599
850.927804703413   -3.82645810281853
855.380827510991   -3.82769220433565
839.009639734603   -3.82805606269812
841.190894596009   -3.82619690080841
849.124448302511   -3.82772003729213
848.738534369398   -3.82918945691342
845.265159557185   -3.82730047845023
850.962280076129   -3.82798869331798
847.401519972824   -3.8278441758279
855.096185535142   -3.82643628806007
850.048003876847   -3.82773699581611
844.944125077988   -3.82798151193778
846.621760636333   -3.82856332709715
853.517865719374   -3.82833469282808
856.225843776698   -3.82631986544204
854.108879511375   -3.82737070578931
844.926650180851   -3.82751187820724
848.735326614023   -3.8272845236219
848.735326614023   -3.82728452362184
841.676232509066   -3.82814433956898
848.920496493871   -3.82706888558138
845.690199196349   -3.82806561266027
855.460861199138   -3.82658901759422
848.425617097869   -3.82776413961764
852.877109802291   -3.82734698342723
844.064919970534   -3.82806276012659
854.495826173846   -3.82878442302683
855.283621562752   -3.82775849703076
857.003432788462   -3.82743380078051
855.34244972522   -3.82776914019535
848.11170677599   -3.82703613129734
849.826769124027   -3.82745168760989
844.805682690149   -3.82727613016409
862.942647696022   -3.82659060731878
846.068545399004   -3.82885136563658
849.308300805626   -3.82678953044085
853.89560389367   -3.82868120906924
847.63806385093   -3.82776438527522
844.109752564975   -3.8284500533427
847.519640839816   -3.82773576008544
847.79771233819   -3.82728632805646
842.451732791653   -3.82821641522399
862.761212540944   -3.82782149315697
856.328334723991   -3.82841117176891
856.262467101054   -3.82820029971114
848.193331914032   -3.82734403799973
859.22469654671   -3.82760490634565
847.158101648788   -3.82891114343766
852.054716620187   -3.82735340476522
853.514029518725   -3.82836535010385
854.081533355493   -3.8275380129381
848.739443026553   -3.82809938316681
842.15348650642   -3.82755000477189
846.95862691859   -3.82836147921955
854.365866274993   -3.82784662760104
847.739444616024   -3.82506446228879
848.079151138344   -3.82671198781518
846.766499999443   -3.82756743361533
851.056662542582   -3.82753823699023
845.528640848937   -3.82684367782194
841.986150627285   -3.82616362799364
842.346786131141   -3.82753798098632
850.030224644909   -3.82794906167727
856.834160515098   -3.82755285720577
842.439129105503   -3.82851217979505
853.052939586064   -3.82765925763632
849.563313283145   -3.82664948597137
849.747560784813   -3.82670002703772
852.18326452722   -3.82771455964712
851.898944362801   -3.8292763359972
849.488081459416   -3.82664653269587
850.475175054511   -3.82687488599869
847.7990190796   -3.8272027788984
848.794396994441   -3.82817797014737
852.680836032369   -3.82705738520339
844.372857149037   -3.8269708268002
849.187749706222   -3.82856624454102
856.255568425984   -3.82803063582563
846.092406230197   -3.82737531274612
854.189684651267   -3.82771036915196
851.511563334019   -3.82721617950865
852.646492562119   -3.82722091078496
852.719753571597   -3.82758236747252
853.981649830793   -3.82832925394263
849.317454253105   -3.82808355994366
845.682168967103   -3.82680945929621
859.500338699728   -3.82788096110026
842.709782992573   -3.82794325913059
858.302768705705   -3.82741345089697
846.533038771074   -3.82783724048594
845.781955620582   -3.82758395254405
849.675706505884   -3.82795560062755
857.420833518859   -3.82817152964393
849.900640021356   -3.82787963957353
848.105379527544   -3.82793820288096
836.562864100827   -3.82788589069014
852.189053473831   -3.82768753379112
856.60037090732   -3.82830050633292
850.434374858895   -3.82740080318959
843.500885952839   -3.82775228125466
849.625332386385   -3.82804727542216
841.307348958795   -3.82721021483911
856.076820162257   -3.82776410474754
856.297114050901   -3.82731134331142
851.848678882104   -3.82905911484338
847.390775253119   -3.82792425706434
854.033502304461   -3.8285807790478
859.39770634905   -3.82698183692267
857.727319186067   -3.8278710371067
857.158895203182   -3.8281544077845
845.210830015509   -3.82660374197537
846.32501937687   -3.82845476347596
853.048529542355   -3.82805600969453
853.855516678399   -3.82696061073824
849.479821272201   -3.828421156907
851.827616524015   -3.82877414816837
857.124229940092   -3.82724696099472
855.531889216165   -3.82701807044721
843.002572158504   -3.82807501313477
843.002572158504   -3.82807501313495
847.99593303592   -3.82755560792414
857.891158176884   -3.82813913091837
854.212273478734   -3.82869232366959
847.304473948505   -3.82699473402313
848.702884308598   -3.82770767661317
848.196535451703   -3.82629766270118
858.222192510475   -3.82726139390273
850.199628953217   -3.82834763339334
853.783399034693   -3.82604459501074
854.282754498403   -3.82763798275787
854.254795055951   -3.82759212227938
853.029277879336   -3.82732297586263
860.014028493789   -3.82716912858781
858.785166383787   -3.8275201917282
850.433046962314   -3.82606048429738
858.579141793581   -3.82730740834131
858.815841466019   -3.82679807600183
851.24920194528   -3.82625200248648
859.24909729944   -3.82654156597337
854.210102567097   -3.82695052370854
859.503177302245   -3.82810475394422
865.507578374081   -3.82657730712149
858.338806079784   -3.8274302247763
853.165021476078   -3.82628965109171
855.487974437944   -3.82620900635173
856.332198485199   -3.82649246609253
855.779624741781   -3.8274954395927
862.961696777736   -3.82627598051442
858.482210537783   -3.82577827974555
860.965979807081   -3.82687668355101
859.879207163583   -3.82671914567675
864.597100861579   -3.82697310819203
855.673619805396   -3.82672891718059
858.339354161043   -3.82729299226775
861.5345049018   -3.82654873233627
863.710467737438   -3.82614163197583
860.228951409964   -3.82653610545818
852.005637151917   -3.82598806012388
858.975185720842   -3.82527637325013
857.845997745192   -3.82618998407158
859.835613835645   -3.82612080806927
863.677815886128   -3.82496558783519
855.053523447624   -3.82546523468352
856.482609631279   -3.82598119067685
858.853566999109   -3.82509963486785
851.456039018331   -3.8253513968885
860.35451753902   -3.82655569717073
858.450260538188   -3.82453020733559
863.745965864924   -3.82696609777458
861.767323744157   -3.82620779495103
859.742192833359   -3.82485224718459
861.841995440928   -3.82474164852927
866.623199735746   -3.82358126663924
856.391125494111   -3.82557739615553
856.429989529658   -3.82589844074115
864.818800022973   -3.82439151225631
866.85673782384   -3.82530691767758
865.086507024201   -3.82552919070045
860.394720057942   -3.82379441037982
864.022198039711   -3.82535687474253
868.176242682188   -3.82425835720429
870.20097395867   -3.82452615000366
867.280836850793   -3.82578956708394
864.074260452774   -3.82494026695732
857.113257443874   -3.82394158252172
866.190267176878   -3.8238950585033
867.989504810523   -3.8238821338589
866.469699332926   -3.82415879134194
866.013261651648   -3.82462279508566
871.734657573691   -3.82418966007432
855.279500161989   -3.82417511151255
864.125834272814   -3.82565231640993
872.489684147631   -3.82594411084178
869.67808997239   -3.82408255724212
862.224909287789   -3.82436397169728
871.271805102997   -3.8244692190566
871.802170123161   -3.82508655174893
876.766166054762   -3.82311736782899
870.563126516632   -3.8231376669453
865.007890500234   -3.82421730526497
884.611961441683   -3.82452917013124
875.036929902077   -3.82430461510265
867.443357623325   -3.82383898492787
876.794657556439   -3.82421855125705
872.404571403966   -3.82490748431414
867.316037645724   -3.82414281625163
868.647356710312   -3.8242753490507
870.758406147907   -3.82514828122288
876.866524417312   -3.82404235555553
873.985847602916   -3.82453727025081
871.461909951175   -3.82347433950627
876.779155438427   -3.82301857717576
868.289034752737   -3.82371751879684
874.612670720237   -3.82364968849909
876.038995127911   -3.82294063226315
866.948098737483   -3.8230112352302
870.50241237231   -3.82312096491113
874.876396363978   -3.82340247556312
881.672836166713   -3.82413579564041
867.679587802749   -3.82305110882569
881.144641540391   -3.82353062521533
873.345634473837   -3.824326643586
868.237395706408   -3.82379203966224
879.80032985947   -3.82339699759939
877.13890962146   -3.82364863239198
886.5840111167   -3.82291574366135
882.491238068219   -3.82318598487891
878.190112316147   -3.82384306842059
877.453286754577   -3.82315751021218
877.755143850836   -3.8224580339356
871.749386530753   -3.82267275222765
874.435315219728   -3.82397033030118
875.594783176638   -3.8237331077114
880.361451019908   -3.82228712481087
880.102248433631   -3.82251487725197
885.547295007506   -3.82181743917209
882.047491617639   -3.82299075264614
877.689300937941   -3.82438628394544
873.556806864092   -3.82358314896258
877.442890467622   -3.82231656807959
882.336895958461   -3.82243956982244
879.745197833691   -3.82215734921139
885.405148835155   -3.82249000728431
896.384761399541   -3.82108972991436
885.641463116617   -3.82293537740279
878.920829621268   -3.82210532277865
885.821511743762   -3.82116872767901
876.750079850661   -3.8223352275664
883.766441479203   -3.82124933544576
884.144194439422   -3.82249795580773
877.930936175435   -3.82174280602403
894.265450468748   -3.82284174694378
885.941519315137   -3.82108439325633
878.603457125848   -3.82194246803797
889.053961122951   -3.82117414616091
879.063914199614   -3.82279704358446
885.010522016287   -3.82257341461279
892.527231762224   -3.82049100993926
889.424867451101   -3.82169552404646
889.494408845859   -3.82076031481094
888.51198869998   -3.8205794706634
889.26174458455   -3.82192245003817
885.158359543143   -3.82096066549262
894.65652839496   -3.8212710352628
886.504947665259   -3.82146619621027
885.003888084268   -3.82140284343372
886.336483059724   -3.82008370213296
885.769828749135   -3.82148093961215
897.169608194268   -3.8215989701664
893.398923340061   -3.82074687180757
896.529599737687   -3.81997259693878
893.251348949086   -3.82025031512284
890.226685082012   -3.82189777703503
889.951998730018   -3.82089427949893
879.591158681986   -3.8205009210668
